TrakPro Version 5.0.0.24 ASCII Data File

Instrument Name:,SidePak Aerosol Monitor
Model Number:,AM520
Serial Number:,5201704010
Test Name:,Test 1
Start Date:,11/20/2020
Start Time:,12:54:59
Duration (dd:hh:mm:ss):,00:00:01:00
Log Interval (mm:ss):,00:01
Number of points:,60
Description:,

Statistics Channel: ,Aerosol
,Units:,mg/m³
,Average:,0.024
,Minimum:,0.017
,Time of Minimum:,12:55:04
,Date of Minimum:,11/20/2020
,Maximum:,0.043
,Time of Maximum:,12:55:51
,Date of Maximum:,11/20/2020

,TWA:,N/A

Calibration Sensor: ,Aerosol
,Cal factor:,1
,Cal date:,11/03/2020
,Cal name:,USER1 

Date,Time,Concentration
MM/dd/yyyy,HH:mm:ss,mg/m³
11/20/2020,12:55:00,0.023
11/20/2020,12:55:01,0.021
11/20/2020,12:55:02,0.02
11/20/2020,12:55:03,0.018
11/20/2020,12:55:04,0.017
11/20/2020,12:55:05,0.019
11/20/2020,12:55:06,0.019
11/20/2020,12:55:07,0.02
11/20/2020,12:55:08,0.022
11/20/2020,12:55:09,0.025
11/20/2020,12:55:10,0.027
11/20/2020,12:55:11,0.024
11/20/2020,12:55:12,0.026
11/20/2020,12:55:13,0.025
11/20/2020,12:55:14,0.025
11/20/2020,12:55:15,0.026
11/20/2020,12:55:16,0.029
11/20/2020,12:55:17,0.019
11/20/2020,12:55:18,0.023
11/20/2020,12:55:19,0.026
11/20/2020,12:55:20,0.024
11/20/2020,12:55:21,0.03
11/20/2020,12:55:22,0.028
11/20/2020,12:55:23,0.02
11/20/2020,12:55:24,0.022
11/20/2020,12:55:25,0.032
11/20/2020,12:55:26,0.021
11/20/2020,12:55:27,0.024
11/20/2020,12:55:28,0.024
11/20/2020,12:55:29,0.023
11/20/2020,12:55:30,0.024
11/20/2020,12:55:31,0.019
11/20/2020,12:55:32,0.021
11/20/2020,12:55:33,0.027
11/20/2020,12:55:34,0.024
11/20/2020,12:55:35,0.026
11/20/2020,12:55:36,0.022
11/20/2020,12:55:37,0.02
11/20/2020,12:55:38,0.027
11/20/2020,12:55:39,0.027
11/20/2020,12:55:40,0.021
11/20/2020,12:55:41,0.022
11/20/2020,12:55:42,0.021
11/20/2020,12:55:43,0.023
11/20/2020,12:55:44,0.024
11/20/2020,12:55:45,0.022
11/20/2020,12:55:46,0.022
11/20/2020,12:55:47,0.018
11/20/2020,12:55:48,0.021
11/20/2020,12:55:49,0.024
11/20/2020,12:55:50,0.023
11/20/2020,12:55:51,0.043
11/20/2020,12:55:52,0.027
11/20/2020,12:55:53,0.025
11/20/2020,12:55:54,0.03
11/20/2020,12:55:55,0.027
11/20/2020,12:55:56,0.023
11/20/2020,12:55:57,0.021
11/20/2020,12:55:58,0.021
11/20/2020,12:55:59,0.027

Instrument Name:,SidePak Aerosol Monitor
Model Number:,AM520
Serial Number:,5201704010
Test Name:,Test 2
Start Date:,11/20/2020
Start Time:,01:54:59
Duration (dd:hh:mm:ss):,00:00:01:00
Log Interval (mm:ss):,00:01
Number of points:,60
Description:,

Statistics Channel: ,Aerosol
,Units:,mg/m³
,Average:,0.024
,Minimum:,0.01
,Time of Minimum:,01:55:37
,Date of Minimum:,11/20/2020
,Maximum:,0.044
,Time of Maximum:,01:55:55
,Date of Maximum:,11/20/2020

,TWA:,N/A

Calibration Sensor: ,Aerosol
,Cal factor:,1
,Cal date:,11/03/2020
,Cal name:,USER1 

Date,Time,Concentration
MM/dd/yyyy,HH:mm:ss,mg/m³
11/20/2020,13:55:00,0.024
11/20/2020,13:55:01,0.023
11/20/2020,13:55:02,0.023
11/20/2020,13:55:03,0.016
11/20/2020,13:55:04,0.012
11/20/2020,13:55:05,0.014
11/20/2020,13:55:06,0.02
11/20/2020,13:55:07,0.014
11/20/2020,13:55:08,0.016
11/20/2020,13:55:09,0.015
11/20/2020,13:55:10,0.01
11/20/2020,13:55:11,0.012
11/20/2020,13:55:12,0.016
11/20/2020,13:55:13,0.018
11/20/2020,13:55:14,0.031
11/20/2020,13:55:15,0.018
11/20/2020,13:55:16,0.023
11/20/2020,13:55:17,0.022
11/20/2020,13:55:18,0.03
11/20/2020,13:55:19,0.031
11/20/2020,13:55:20,0.038
11/20/2020,13:55:21,0.032
11/20/2020,13:55:22,0.031
11/20/2020,13:55:23,0.031
11/20/2020,13:55:24,0.033
11/20/2020,13:55:25,0.04
11/20/2020,13:55:26,0.028
11/20/2020,13:55:27,0.029
11/20/2020,13:55:28,0.024
11/20/2020,13:55:29,0.022
11/20/2020,13:55:30,0.021
11/20/2020,13:55:31,0.039
11/20/2020,13:55:32,0.016
11/20/2020,13:55:33,0.021
11/20/2020,13:55:34,0.021
11/20/2020,13:55:35,0.026
11/20/2020,13:55:36,0.018
11/20/2020,13:55:37,0.01
11/20/2020,13:55:38,0.011
11/20/2020,13:55:39,0.013
11/20/2020,13:55:40,0.03
11/20/2020,13:55:41,0.015
11/20/2020,13:55:42,0.016
11/20/2020,13:55:43,0.017
11/20/2020,13:55:44,0.018
11/20/2020,13:55:45,0.018
11/20/2020,13:55:46,0.018
11/20/2020,13:55:47,0.021
11/20/2020,13:55:48,0.02
11/20/2020,13:55:49,0.027
11/20/2020,13:55:50,0.035
11/20/2020,13:55:51,0.029
11/20/2020,13:55:52,0.026
11/20/2020,13:55:53,0.031
11/20/2020,13:55:54,0.034
11/20/2020,13:55:55,0.044
11/20/2020,13:55:56,0.033
11/20/2020,13:55:57,0.03
11/20/2020,13:55:58,0.026
11/20/2020,13:55:59,0.03

Instrument Name:,SidePak Aerosol Monitor
Model Number:,AM520
Serial Number:,5201704010
Test Name:,Test 3
Start Date:,11/20/2020
Start Time:,02:54:59
Duration (dd:hh:mm:ss):,00:00:01:00
Log Interval (mm:ss):,00:01
Number of points:,60
Description:,

Statistics Channel: ,Aerosol
,Units:,mg/m³
,Average:,0.023
,Minimum:,0.011
,Time of Minimum:,02:55:34
,Date of Minimum:,11/20/2020
,Maximum:,0.061
,Time of Maximum:,02:55:56
,Date of Maximum:,11/20/2020

,TWA:,N/A

Calibration Sensor: ,Aerosol
,Cal factor:,1
,Cal date:,11/03/2020
,Cal name:,USER1 

Date,Time,Concentration
MM/dd/yyyy,HH:mm:ss,mg/m³
11/20/2020,14:55:00,0.023
11/20/2020,14:55:01,0.021
11/20/2020,14:55:02,0.029
11/20/2020,14:55:03,0.025
11/20/2020,14:55:04,0.038
11/20/2020,14:55:05,0.034
11/20/2020,14:55:06,0.035
11/20/2020,14:55:07,0.035
11/20/2020,14:55:08,0.031
11/20/2020,14:55:09,0.034
11/20/2020,14:55:10,0.031
11/20/2020,14:55:11,0.037
11/20/2020,14:55:12,0.029
11/20/2020,14:55:13,0.029
11/20/2020,14:55:14,0.025
11/20/2020,14:55:15,0.031
11/20/2020,14:55:16,0.027
11/20/2020,14:55:17,0.026
11/20/2020,14:55:18,0.024
11/20/2020,14:55:19,0.019
11/20/2020,14:55:20,0.026
11/20/2020,14:55:21,0.025
11/20/2020,14:55:22,0.019
11/20/2020,14:55:23,0.017
11/20/2020,14:55:24,0.019
11/20/2020,14:55:25,0.019
11/20/2020,14:55:26,0.016
11/20/2020,14:55:27,0.018
11/20/2020,14:55:28,0.015
11/20/2020,14:55:29,0.023
11/20/2020,14:55:30,0.011
11/20/2020,14:55:31,0.019
11/20/2020,14:55:32,0.018
11/20/2020,14:55:33,0.011
11/20/2020,14:55:34,0.011
11/20/2020,14:55:35,0.013
11/20/2020,14:55:36,0.017
11/20/2020,14:55:37,0.012
11/20/2020,14:55:38,0.012
11/20/2020,14:55:39,0.023
11/20/2020,14:55:40,0.019
11/20/2020,14:55:41,0.016
11/20/2020,14:55:42,0.016
11/20/2020,14:55:43,0.016
11/20/2020,14:55:44,0.018
11/20/2020,14:55:45,0.03
11/20/2020,14:55:46,0.022
11/20/2020,14:55:47,0.023
11/20/2020,14:55:48,0.016
11/20/2020,14:55:49,0.021
11/20/2020,14:55:50,0.021
11/20/2020,14:55:51,0.015
11/20/2020,14:55:52,0.021
11/20/2020,14:55:53,0.021
11/20/2020,14:55:54,0.017
11/20/2020,14:55:55,0.02
11/20/2020,14:55:56,0.061
11/20/2020,14:55:57,0.021
11/20/2020,14:55:58,0.021
11/20/2020,14:55:59,0.021

Instrument Name:,SidePak Aerosol Monitor
Model Number:,AM520
Serial Number:,5201704010
Test Name:,Test 4
Start Date:,11/20/2020
Start Time:,03:54:59
Duration (dd:hh:mm:ss):,00:00:01:00
Log Interval (mm:ss):,00:01
Number of points:,60
Description:,

Statistics Channel: ,Aerosol
,Units:,mg/m³
,Average:,0.025
,Minimum:,0.012
,Time of Minimum:,03:55:39
,Date of Minimum:,11/20/2020
,Maximum:,0.053
,Time of Maximum:,03:55:47
,Date of Maximum:,11/20/2020

,TWA:,N/A

Calibration Sensor: ,Aerosol
,Cal factor:,1
,Cal date:,11/03/2020
,Cal name:,USER1 

Date,Time,Concentration
MM/dd/yyyy,HH:mm:ss,mg/m³
11/20/2020,15:55:00,0.03
11/20/2020,15:55:01,0.026
11/20/2020,15:55:02,0.031
11/20/2020,15:55:03,0.032
11/20/2020,15:55:04,0.035
11/20/2020,15:55:05,0.045
11/20/2020,15:55:06,0.035
11/20/2020,15:55:07,0.037
11/20/2020,15:55:08,0.031
11/20/2020,15:55:09,0.032
11/20/2020,15:55:10,0.028
11/20/2020,15:55:11,0.029
11/20/2020,15:55:12,0.027
11/20/2020,15:55:13,0.023
11/20/2020,15:55:14,0.022
11/20/2020,15:55:15,0.044
11/20/2020,15:55:16,0.026
11/20/2020,15:55:17,0.023
11/20/2020,15:55:18,0.025
11/20/2020,15:55:19,0.021
11/20/2020,15:55:20,0.018
11/20/2020,15:55:21,0.023
11/20/2020,15:55:22,0.021
11/20/2020,15:55:23,0.015
11/20/2020,15:55:24,0.02
11/20/2020,15:55:25,0.016
11/20/2020,15:55:26,0.015
11/20/2020,15:55:27,0.023
11/20/2020,15:55:28,0.021
11/20/2020,15:55:29,0.024
11/20/2020,15:55:30,0.019
11/20/2020,15:55:31,0.024
11/20/2020,15:55:32,0.015
11/20/2020,15:55:33,0.018
11/20/2020,15:55:34,0.017
11/20/2020,15:55:35,0.013
11/20/2020,15:55:36,0.016
11/20/2020,15:55:37,0.015
11/20/2020,15:55:38,0.013
11/20/2020,15:55:39,0.012
11/20/2020,15:55:40,0.014
11/20/2020,15:55:41,0.016
11/20/2020,15:55:42,0.016
11/20/2020,15:55:43,0.018
11/20/2020,15:55:44,0.022
11/20/2020,15:55:45,0.022
11/20/2020,15:55:46,0.023
11/20/2020,15:55:47,0.053
11/20/2020,15:55:48,0.021
11/20/2020,15:55:49,0.025
11/20/2020,15:55:50,0.027
11/20/2020,15:55:51,0.022
11/20/2020,15:55:52,0.03
11/20/2020,15:55:53,0.035
11/20/2020,15:55:54,0.029
11/20/2020,15:55:55,0.032
11/20/2020,15:55:56,0.038
11/20/2020,15:55:57,0.037
11/20/2020,15:55:58,0.035
11/20/2020,15:55:59,0.04

Instrument Name:,SidePak Aerosol Monitor
Model Number:,AM520
Serial Number:,5201704010
Test Name:,Test 5
Start Date:,11/20/2020
Start Time:,04:54:59
Duration (dd:hh:mm:ss):,00:00:01:00
Log Interval (mm:ss):,00:01
Number of points:,60
Description:,

Statistics Channel: ,Aerosol
,Units:,mg/m³
,Average:,0.025
,Minimum:,0.012
,Time of Minimum:,04:55:00
,Date of Minimum:,11/20/2020
,Maximum:,0.039
,Time of Maximum:,04:55:44
,Date of Maximum:,11/20/2020

,TWA:,N/A

Calibration Sensor: ,Aerosol
,Cal factor:,1
,Cal date:,11/03/2020
,Cal name:,USER1 

Date,Time,Concentration
MM/dd/yyyy,HH:mm:ss,mg/m³
11/20/2020,16:55:00,0.012
11/20/2020,16:55:01,0.014
11/20/2020,16:55:02,0.013
11/20/2020,16:55:03,0.016
11/20/2020,16:55:04,0.017
11/20/2020,16:55:05,0.036
11/20/2020,16:55:06,0.029
11/20/2020,16:55:07,0.035
11/20/2020,16:55:08,0.03
11/20/2020,16:55:09,0.03
11/20/2020,16:55:10,0.029
11/20/2020,16:55:11,0.031
11/20/2020,16:55:12,0.027
11/20/2020,16:55:13,0.021
11/20/2020,16:55:14,0.018
11/20/2020,16:55:15,0.017
11/20/2020,16:55:16,0.016
11/20/2020,16:55:17,0.014
11/20/2020,16:55:18,0.016
11/20/2020,16:55:19,0.017
11/20/2020,16:55:20,0.022
11/20/2020,16:55:21,0.036
11/20/2020,16:55:22,0.025
11/20/2020,16:55:23,0.039
11/20/2020,16:55:24,0.031
11/20/2020,16:55:25,0.032
11/20/2020,16:55:26,0.036
11/20/2020,16:55:27,0.03
11/20/2020,16:55:28,0.026
11/20/2020,16:55:29,0.025
11/20/2020,16:55:30,0.017
11/20/2020,16:55:31,0.015
11/20/2020,16:55:32,0.019
11/20/2020,16:55:33,0.013
11/20/2020,16:55:34,0.013
11/20/2020,16:55:35,0.018
11/20/2020,16:55:36,0.026
11/20/2020,16:55:37,0.022
11/20/2020,16:55:38,0.03
11/20/2020,16:55:39,0.034
11/20/2020,16:55:40,0.039
11/20/2020,16:55:41,0.036
11/20/2020,16:55:42,0.031
11/20/2020,16:55:43,0.028
11/20/2020,16:55:44,0.039
11/20/2020,16:55:45,0.02
11/20/2020,16:55:46,0.021
11/20/2020,16:55:47,0.018
11/20/2020,16:55:48,0.021
11/20/2020,16:55:49,0.017
11/20/2020,16:55:50,0.027
11/20/2020,16:55:51,0.026
11/20/2020,16:55:52,0.03
11/20/2020,16:55:53,0.037
11/20/2020,16:55:54,0.03
11/20/2020,16:55:55,0.036
11/20/2020,16:55:56,0.033
11/20/2020,16:55:57,0.027
11/20/2020,16:55:58,0.027
11/20/2020,16:55:59,0.021

Instrument Name:,SidePak Aerosol Monitor
Model Number:,AM520
Serial Number:,5201704010
Test Name:,Test 6
Start Date:,11/20/2020
Start Time:,05:54:59
Duration (dd:hh:mm:ss):,00:00:01:00
Log Interval (mm:ss):,00:01
Number of points:,60
Description:,

Statistics Channel: ,Aerosol
,Units:,mg/m³
,Average:,0.026
,Minimum:,0.011
,Time of Minimum:,05:55:36
,Date of Minimum:,11/20/2020
,Maximum:,0.051
,Time of Maximum:,05:55:03
,Date of Maximum:,11/20/2020

,TWA:,N/A

Calibration Sensor: ,Aerosol
,Cal factor:,1
,Cal date:,11/03/2020
,Cal name:,USER1 

Date,Time,Concentration
MM/dd/yyyy,HH:mm:ss,mg/m³
11/20/2020,17:55:00,0.017
11/20/2020,17:55:01,0.017
11/20/2020,17:55:02,0.023
11/20/2020,17:55:03,0.051
11/20/2020,17:55:04,0.016
11/20/2020,17:55:05,0.018
11/20/2020,17:55:06,0.018
11/20/2020,17:55:07,0.016
11/20/2020,17:55:08,0.023
11/20/2020,17:55:09,0.025
11/20/2020,17:55:10,0.034
11/20/2020,17:55:11,0.023
11/20/2020,17:55:12,0.021
11/20/2020,17:55:13,0.027
11/20/2020,17:55:14,0.023
11/20/2020,17:55:15,0.031
11/20/2020,17:55:16,0.027
11/20/2020,17:55:17,0.03
11/20/2020,17:55:18,0.028
11/20/2020,17:55:19,0.028
11/20/2020,17:55:20,0.034
11/20/2020,17:55:21,0.032
11/20/2020,17:55:22,0.035
11/20/2020,17:55:23,0.044
11/20/2020,17:55:24,0.037
11/20/2020,17:55:25,0.027
11/20/2020,17:55:26,0.021
11/20/2020,17:55:27,0.021
11/20/2020,17:55:28,0.021
11/20/2020,17:55:29,0.02
11/20/2020,17:55:30,0.022
11/20/2020,17:55:31,0.011
11/20/2020,17:55:32,0.015
11/20/2020,17:55:33,0.021
11/20/2020,17:55:34,0.026
11/20/2020,17:55:35,0.014
11/20/2020,17:55:36,0.011
11/20/2020,17:55:37,0.013
11/20/2020,17:55:38,0.018
11/20/2020,17:55:39,0.013
11/20/2020,17:55:40,0.018
11/20/2020,17:55:41,0.029
11/20/2020,17:55:42,0.02
11/20/2020,17:55:43,0.047
11/20/2020,17:55:44,0.029
11/20/2020,17:55:45,0.027
11/20/2020,17:55:46,0.03
11/20/2020,17:55:47,0.03
11/20/2020,17:55:48,0.033
11/20/2020,17:55:49,0.033
11/20/2020,17:55:50,0.036
11/20/2020,17:55:51,0.03
11/20/2020,17:55:52,0.027
11/20/2020,17:55:53,0.032
11/20/2020,17:55:54,0.031
11/20/2020,17:55:55,0.038
11/20/2020,17:55:56,0.025
11/20/2020,17:55:57,0.026
11/20/2020,17:55:58,0.025
11/20/2020,17:55:59,0.022

Instrument Name:,SidePak Aerosol Monitor
Model Number:,AM520
Serial Number:,5201704010
Test Name:,Test 7
Start Date:,11/20/2020
Start Time:,06:54:59
Duration (dd:hh:mm:ss):,00:00:01:00
Log Interval (mm:ss):,00:01
Number of points:,60
Description:,

Statistics Channel: ,Aerosol
,Units:,mg/m³
,Average:,0.028
,Minimum:,0.013
,Time of Minimum:,06:55:04
,Date of Minimum:,11/20/2020
,Maximum:,0.063
,Time of Maximum:,06:55:50
,Date of Maximum:,11/20/2020

,TWA:,N/A

Calibration Sensor: ,Aerosol
,Cal factor:,1
,Cal date:,11/03/2020
,Cal name:,USER1 

Date,Time,Concentration
MM/dd/yyyy,HH:mm:ss,mg/m³
11/20/2020,18:55:00,0.028
11/20/2020,18:55:01,0.029
11/20/2020,18:55:02,0.026
11/20/2020,18:55:03,0.018
11/20/2020,18:55:04,0.013
11/20/2020,18:55:05,0.016
11/20/2020,18:55:06,0.015
11/20/2020,18:55:07,0.023
11/20/2020,18:55:08,0.019
11/20/2020,18:55:09,0.016
11/20/2020,18:55:10,0.022
11/20/2020,18:55:11,0.027
11/20/2020,18:55:12,0.025
11/20/2020,18:55:13,0.027
11/20/2020,18:55:14,0.028
11/20/2020,18:55:15,0.026
11/20/2020,18:55:16,0.034
11/20/2020,18:55:17,0.034
11/20/2020,18:55:18,0.032
11/20/2020,18:55:19,0.032
11/20/2020,18:55:20,0.035
11/20/2020,18:55:21,0.027
11/20/2020,18:55:22,0.023
11/20/2020,18:55:23,0.029
11/20/2020,18:55:24,0.028
11/20/2020,18:55:25,0.027
11/20/2020,18:55:26,0.03
11/20/2020,18:55:27,0.02
11/20/2020,18:55:28,0.017
11/20/2020,18:55:29,0.031
11/20/2020,18:55:30,0.032
11/20/2020,18:55:31,0.025
11/20/2020,18:55:32,0.025
11/20/2020,18:55:33,0.03
11/20/2020,18:55:34,0.038
11/20/2020,18:55:35,0.036
11/20/2020,18:55:36,0.037
11/20/2020,18:55:37,0.041
11/20/2020,18:55:38,0.035
11/20/2020,18:55:39,0.027
11/20/2020,18:55:40,0.02
11/20/2020,18:55:41,0.032
11/20/2020,18:55:42,0.016
11/20/2020,18:55:43,0.022
11/20/2020,18:55:44,0.015
11/20/2020,18:55:45,0.016
11/20/2020,18:55:46,0.022
11/20/2020,18:55:47,0.022
11/20/2020,18:55:48,0.02
11/20/2020,18:55:49,0.024
11/20/2020,18:55:50,0.063
11/20/2020,18:55:51,0.032
11/20/2020,18:55:52,0.036
11/20/2020,18:55:53,0.047
11/20/2020,18:55:54,0.031
11/20/2020,18:55:55,0.039
11/20/2020,18:55:56,0.035
11/20/2020,18:55:57,0.03
11/20/2020,18:55:58,0.032
11/20/2020,18:55:59,0.025

Instrument Name:,SidePak Aerosol Monitor
Model Number:,AM520
Serial Number:,5201704010
Test Name:,Test 8
Start Date:,11/20/2020
Start Time:,07:54:59
Duration (dd:hh:mm:ss):,00:00:01:00
Log Interval (mm:ss):,00:01
Number of points:,60
Description:,

Statistics Channel: ,Aerosol
,Units:,mg/m³
,Average:,0.03
,Minimum:,0.016
,Time of Minimum:,07:55:28
,Date of Minimum:,11/20/2020
,Maximum:,0.048
,Time of Maximum:,07:55:06
,Date of Maximum:,11/20/2020

,TWA:,N/A

Calibration Sensor: ,Aerosol
,Cal factor:,1
,Cal date:,11/03/2020
,Cal name:,USER1 

Date,Time,Concentration
MM/dd/yyyy,HH:mm:ss,mg/m³
11/20/2020,19:55:00,0.038
11/20/2020,19:55:01,0.04
11/20/2020,19:55:02,0.039
11/20/2020,19:55:03,0.036
11/20/2020,19:55:04,0.039
11/20/2020,19:55:05,0.037
11/20/2020,19:55:06,0.048
11/20/2020,19:55:07,0.037
11/20/2020,19:55:08,0.036
11/20/2020,19:55:09,0.038
11/20/2020,19:55:10,0.043
11/20/2020,19:55:11,0.039
11/20/2020,19:55:12,0.033
11/20/2020,19:55:13,0.038
11/20/2020,19:55:14,0.027
11/20/2020,19:55:15,0.029
11/20/2020,19:55:16,0.023
11/20/2020,19:55:17,0.026
11/20/2020,19:55:18,0.022
11/20/2020,19:55:19,0.026
11/20/2020,19:55:20,0.02
11/20/2020,19:55:21,0.03
11/20/2020,19:55:22,0.022
11/20/2020,19:55:23,0.025
11/20/2020,19:55:24,0.024
11/20/2020,19:55:25,0.019
11/20/2020,19:55:26,0.021
11/20/2020,19:55:27,0.029
11/20/2020,19:55:28,0.016
11/20/2020,19:55:29,0.024
11/20/2020,19:55:30,0.023
11/20/2020,19:55:31,0.026
11/20/2020,19:55:32,0.019
11/20/2020,19:55:33,0.029
11/20/2020,19:55:34,0.028
11/20/2020,19:55:35,0.024
11/20/2020,19:55:36,0.023
11/20/2020,19:55:37,0.03
11/20/2020,19:55:38,0.026
11/20/2020,19:55:39,0.029
11/20/2020,19:55:40,0.028
11/20/2020,19:55:41,0.042
11/20/2020,19:55:42,0.038
11/20/2020,19:55:43,0.035
11/20/2020,19:55:44,0.036
11/20/2020,19:55:45,0.037
11/20/2020,19:55:46,0.033
11/20/2020,19:55:47,0.032
11/20/2020,19:55:48,0.041
11/20/2020,19:55:49,0.035
11/20/2020,19:55:50,0.033
11/20/2020,19:55:51,0.022
11/20/2020,19:55:52,0.019
11/20/2020,19:55:53,0.018
11/20/2020,19:55:54,0.02
11/20/2020,19:55:55,0.027
11/20/2020,19:55:56,0.021
11/20/2020,19:55:57,0.033
11/20/2020,19:55:58,0.045
11/20/2020,19:55:59,0.032

Instrument Name:,SidePak Aerosol Monitor
Model Number:,AM520
Serial Number:,5201704010
Test Name:,Test 9
Start Date:,11/20/2020
Start Time:,08:55:00
Duration (dd:hh:mm:ss):,00:00:01:00
Log Interval (mm:ss):,00:01
Number of points:,60
Description:,

Statistics Channel: ,Aerosol
,Units:,mg/m³
,Average:,0.032
,Minimum:,0.016
,Time of Minimum:,08:55:52
,Date of Minimum:,11/20/2020
,Maximum:,0.054
,Time of Maximum:,08:55:04
,Date of Maximum:,11/20/2020

,TWA:,N/A

Calibration Sensor: ,Aerosol
,Cal factor:,1
,Cal date:,11/03/2020
,Cal name:,USER1 

Date,Time,Concentration
MM/dd/yyyy,HH:mm:ss,mg/m³
11/20/2020,20:55:01,0.04
11/20/2020,20:55:02,0.034
11/20/2020,20:55:03,0.027
11/20/2020,20:55:04,0.054
11/20/2020,20:55:05,0.028
11/20/2020,20:55:06,0.025
11/20/2020,20:55:07,0.026
11/20/2020,20:55:08,0.023
11/20/2020,20:55:09,0.025
11/20/2020,20:55:10,0.024
11/20/2020,20:55:11,0.034
11/20/2020,20:55:12,0.025
11/20/2020,20:55:13,0.031
11/20/2020,20:55:14,0.019
11/20/2020,20:55:15,0.022
11/20/2020,20:55:16,0.021
11/20/2020,20:55:17,0.024
11/20/2020,20:55:18,0.026
11/20/2020,20:55:19,0.031
11/20/2020,20:55:20,0.041
11/20/2020,20:55:21,0.029
11/20/2020,20:55:22,0.028
11/20/2020,20:55:23,0.039
11/20/2020,20:55:24,0.04
11/20/2020,20:55:25,0.033
11/20/2020,20:55:26,0.042
11/20/2020,20:55:27,0.039
11/20/2020,20:55:28,0.037
11/20/2020,20:55:29,0.046
11/20/2020,20:55:30,0.035
11/20/2020,20:55:31,0.042
11/20/2020,20:55:32,0.038
11/20/2020,20:55:33,0.045
11/20/2020,20:55:34,0.035
11/20/2020,20:55:35,0.035
11/20/2020,20:55:36,0.04
11/20/2020,20:55:37,0.036
11/20/2020,20:55:38,0.032
11/20/2020,20:55:39,0.034
11/20/2020,20:55:40,0.032
11/20/2020,20:55:41,0.028
11/20/2020,20:55:42,0.036
11/20/2020,20:55:43,0.031
11/20/2020,20:55:44,0.025
11/20/2020,20:55:45,0.027
11/20/2020,20:55:46,0.028
11/20/2020,20:55:47,0.027
11/20/2020,20:55:48,0.022
11/20/2020,20:55:49,0.018
11/20/2020,20:55:50,0.028
11/20/2020,20:55:51,0.029
11/20/2020,20:55:52,0.016
11/20/2020,20:55:53,0.017
11/20/2020,20:55:54,0.043
11/20/2020,20:55:55,0.027
11/20/2020,20:55:56,0.028
11/20/2020,20:55:57,0.029
11/20/2020,20:55:58,0.037
11/20/2020,20:55:59,0.039
11/20/2020,20:56:00,0.039

Instrument Name:,SidePak Aerosol Monitor
Model Number:,AM520
Serial Number:,5201704010
Test Name:,Test 10
Start Date:,11/20/2020
Start Time:,09:55:00
Duration (dd:hh:mm:ss):,00:00:01:00
Log Interval (mm:ss):,00:01
Number of points:,60
Description:,

Statistics Channel: ,Aerosol
,Units:,mg/m³
,Average:,0.033
,Minimum:,0.017
,Time of Minimum:,09:55:38
,Date of Minimum:,11/20/2020
,Maximum:,0.049
,Time of Maximum:,09:55:29
,Date of Maximum:,11/20/2020

,TWA:,N/A

Calibration Sensor: ,Aerosol
,Cal factor:,1
,Cal date:,11/03/2020
,Cal name:,USER1 

Date,Time,Concentration
MM/dd/yyyy,HH:mm:ss,mg/m³
11/20/2020,21:55:01,0.029
11/20/2020,21:55:02,0.032
11/20/2020,21:55:03,0.031
11/20/2020,21:55:04,0.03
11/20/2020,21:55:05,0.029
11/20/2020,21:55:06,0.025
11/20/2020,21:55:07,0.029
11/20/2020,21:55:08,0.03
11/20/2020,21:55:09,0.04
11/20/2020,21:55:10,0.029
11/20/2020,21:55:11,0.033
11/20/2020,21:55:12,0.03
11/20/2020,21:55:13,0.038
11/20/2020,21:55:14,0.028
11/20/2020,21:55:15,0.038
11/20/2020,21:55:16,0.037
11/20/2020,21:55:17,0.037
11/20/2020,21:55:18,0.037
11/20/2020,21:55:19,0.039
11/20/2020,21:55:20,0.042
11/20/2020,21:55:21,0.04
11/20/2020,21:55:22,0.036
11/20/2020,21:55:23,0.036
11/20/2020,21:55:24,0.034
11/20/2020,21:55:25,0.038
11/20/2020,21:55:26,0.033
11/20/2020,21:55:27,0.034
11/20/2020,21:55:28,0.035
11/20/2020,21:55:29,0.049
11/20/2020,21:55:30,0.032
11/20/2020,21:55:31,0.024
11/20/2020,21:55:32,0.021
11/20/2020,21:55:33,0.025
11/20/2020,21:55:34,0.042
11/20/2020,21:55:35,0.027
11/20/2020,21:55:36,0.017
11/20/2020,21:55:37,0.038
11/20/2020,21:55:38,0.017
11/20/2020,21:55:39,0.023
11/20/2020,21:55:40,0.02
11/20/2020,21:55:41,0.026
11/20/2020,21:55:42,0.029
11/20/2020,21:55:43,0.026
11/20/2020,21:55:44,0.03
11/20/2020,21:55:45,0.036
11/20/2020,21:55:46,0.036
11/20/2020,21:55:47,0.034
11/20/2020,21:55:48,0.041
11/20/2020,21:55:49,0.047
11/20/2020,21:55:50,0.035
11/20/2020,21:55:51,0.037
11/20/2020,21:55:52,0.032
11/20/2020,21:55:53,0.043
11/20/2020,21:55:54,0.035
11/20/2020,21:55:55,0.032
11/20/2020,21:55:56,0.035
11/20/2020,21:55:57,0.032
11/20/2020,21:55:58,0.031
11/20/2020,21:55:59,0.034
11/20/2020,21:56:00,0.025

Instrument Name:,SidePak Aerosol Monitor
Model Number:,AM520
Serial Number:,5201704010
Test Name:,Test 11
Start Date:,11/20/2020
Start Time:,10:55:00
Duration (dd:hh:mm:ss):,00:00:01:00
Log Interval (mm:ss):,00:01
Number of points:,60
Description:,

Statistics Channel: ,Aerosol
,Units:,mg/m³
,Average:,0.032
,Minimum:,0.017
,Time of Minimum:,10:55:24
,Date of Minimum:,11/20/2020
,Maximum:,0.053
,Time of Maximum:,10:55:12
,Date of Maximum:,11/20/2020

,TWA:,N/A

Calibration Sensor: ,Aerosol
,Cal factor:,1
,Cal date:,11/03/2020
,Cal name:,USER1 

Date,Time,Concentration
MM/dd/yyyy,HH:mm:ss,mg/m³
11/20/2020,22:55:01,0.035
11/20/2020,22:55:02,0.042
11/20/2020,22:55:03,0.035
11/20/2020,22:55:04,0.034
11/20/2020,22:55:05,0.033
11/20/2020,22:55:06,0.043
11/20/2020,22:55:07,0.037
11/20/2020,22:55:08,0.044
11/20/2020,22:55:09,0.039
11/20/2020,22:55:10,0.04
11/20/2020,22:55:11,0.05
11/20/2020,22:55:12,0.053
11/20/2020,22:55:13,0.03
11/20/2020,22:55:14,0.033
11/20/2020,22:55:15,0.039
11/20/2020,22:55:16,0.027
11/20/2020,22:55:17,0.032
11/20/2020,22:55:18,0.032
11/20/2020,22:55:19,0.023
11/20/2020,22:55:20,0.028
11/20/2020,22:55:21,0.023
11/20/2020,22:55:22,0.024
11/20/2020,22:55:23,0.02
11/20/2020,22:55:24,0.017
11/20/2020,22:55:25,0.032
11/20/2020,22:55:26,0.02
11/20/2020,22:55:27,0.028
11/20/2020,22:55:28,0.033
11/20/2020,22:55:29,0.029
11/20/2020,22:55:30,0.03
11/20/2020,22:55:31,0.022
11/20/2020,22:55:32,0.023
11/20/2020,22:55:33,0.023
11/20/2020,22:55:34,0.023
11/20/2020,22:55:35,0.041
11/20/2020,22:55:36,0.019
11/20/2020,22:55:37,0.022
11/20/2020,22:55:38,0.024
11/20/2020,22:55:39,0.038
11/20/2020,22:55:40,0.021
11/20/2020,22:55:41,0.034
11/20/2020,22:55:42,0.022
11/20/2020,22:55:43,0.02
11/20/2020,22:55:44,0.031
11/20/2020,22:55:45,0.025
11/20/2020,22:55:46,0.028
11/20/2020,22:55:47,0.027
11/20/2020,22:55:48,0.034
11/20/2020,22:55:49,0.027
11/20/2020,22:55:50,0.033
11/20/2020,22:55:51,0.038
11/20/2020,22:55:52,0.036
11/20/2020,22:55:53,0.036
11/20/2020,22:55:54,0.04
11/20/2020,22:55:55,0.042
11/20/2020,22:55:56,0.04
11/20/2020,22:55:57,0.036
11/20/2020,22:55:58,0.048
11/20/2020,22:55:59,0.037
11/20/2020,22:56:00,0.04

Instrument Name:,SidePak Aerosol Monitor
Model Number:,AM520
Serial Number:,5201704010
Test Name:,Test 12
Start Date:,11/20/2020
Start Time:,11:55:00
Duration (dd:hh:mm:ss):,00:00:01:00
Log Interval (mm:ss):,00:01
Number of points:,60
Description:,

Statistics Channel: ,Aerosol
,Units:,mg/m³
,Average:,0.037
,Minimum:,0.024
,Time of Minimum:,11:55:52
,Date of Minimum:,11/20/2020
,Maximum:,0.052
,Time of Maximum:,11:55:18
,Date of Maximum:,11/20/2020

,TWA:,N/A

Calibration Sensor: ,Aerosol
,Cal factor:,1
,Cal date:,11/03/2020
,Cal name:,USER1 

Date,Time,Concentration
MM/dd/yyyy,HH:mm:ss,mg/m³
11/20/2020,23:55:01,0.037
11/20/2020,23:55:02,0.034
11/20/2020,23:55:03,0.037
11/20/2020,23:55:04,0.042
11/20/2020,23:55:05,0.041
11/20/2020,23:55:06,0.034
11/20/2020,23:55:07,0.028
11/20/2020,23:55:08,0.033
11/20/2020,23:55:09,0.038
11/20/2020,23:55:10,0.046
11/20/2020,23:55:11,0.038
11/20/2020,23:55:12,0.049
11/20/2020,23:55:13,0.047
11/20/2020,23:55:14,0.04
11/20/2020,23:55:15,0.046
11/20/2020,23:55:16,0.039
11/20/2020,23:55:17,0.05
11/20/2020,23:55:18,0.052
11/20/2020,23:55:19,0.036
11/20/2020,23:55:20,0.044
11/20/2020,23:55:21,0.042
11/20/2020,23:55:22,0.04
11/20/2020,23:55:23,0.037
11/20/2020,23:55:24,0.043
11/20/2020,23:55:25,0.043
11/20/2020,23:55:26,0.045
11/20/2020,23:55:27,0.049
11/20/2020,23:55:28,0.038
11/20/2020,23:55:29,0.045
11/20/2020,23:55:30,0.043
11/20/2020,23:55:31,0.04
11/20/2020,23:55:32,0.038
11/20/2020,23:55:33,0.033
11/20/2020,23:55:34,0.037
11/20/2020,23:55:35,0.038
11/20/2020,23:55:36,0.037
11/20/2020,23:55:37,0.03
11/20/2020,23:55:38,0.043
11/20/2020,23:55:39,0.036
11/20/2020,23:55:40,0.04
11/20/2020,23:55:41,0.034
11/20/2020,23:55:42,0.027
11/20/2020,23:55:43,0.032
11/20/2020,23:55:44,0.034
11/20/2020,23:55:45,0.029
11/20/2020,23:55:46,0.032
11/20/2020,23:55:47,0.03
11/20/2020,23:55:48,0.029
11/20/2020,23:55:49,0.03
11/20/2020,23:55:50,0.025
11/20/2020,23:55:51,0.028
11/20/2020,23:55:52,0.024
11/20/2020,23:55:53,0.03
11/20/2020,23:55:54,0.026
11/20/2020,23:55:55,0.032
11/20/2020,23:55:56,0.031
11/20/2020,23:55:57,0.029
11/20/2020,23:55:58,0.032
11/20/2020,23:55:59,0.029
11/20/2020,23:56:00,0.032

Instrument Name:,SidePak Aerosol Monitor
Model Number:,AM520
Serial Number:,5201704010
Test Name:,Test 13
Start Date:,11/21/2020
Start Time:,12:55:00
Duration (dd:hh:mm:ss):,00:00:01:00
Log Interval (mm:ss):,00:01
Number of points:,60
Description:,

Statistics Channel: ,Aerosol
,Units:,mg/m³
,Average:,0.036
,Minimum:,0.024
,Time of Minimum:,12:56:00
,Date of Minimum:,11/21/2020
,Maximum:,0.112
,Time of Maximum:,12:55:50
,Date of Maximum:,11/21/2020

,TWA:,N/A

Calibration Sensor: ,Aerosol
,Cal factor:,1
,Cal date:,11/03/2020
,Cal name:,USER1 

Date,Time,Concentration
MM/dd/yyyy,HH:mm:ss,mg/m³
11/21/2020,00:55:01,0.032
11/21/2020,00:55:02,0.03
11/21/2020,00:55:03,0.028
11/21/2020,00:55:04,0.035
11/21/2020,00:55:05,0.032
11/21/2020,00:55:06,0.04
11/21/2020,00:55:07,0.045
11/21/2020,00:55:08,0.032
11/21/2020,00:55:09,0.036
11/21/2020,00:55:10,0.042
11/21/2020,00:55:11,0.031
11/21/2020,00:55:12,0.046
11/21/2020,00:55:13,0.033
11/21/2020,00:55:14,0.03
11/21/2020,00:55:15,0.03
11/21/2020,00:55:16,0.03
11/21/2020,00:55:17,0.027
11/21/2020,00:55:18,0.042
11/21/2020,00:55:19,0.029
11/21/2020,00:55:20,0.036
11/21/2020,00:55:21,0.043
11/21/2020,00:55:22,0.032
11/21/2020,00:55:23,0.031
11/21/2020,00:55:24,0.035
11/21/2020,00:55:25,0.03
11/21/2020,00:55:26,0.037
11/21/2020,00:55:27,0.036
11/21/2020,00:55:28,0.038
11/21/2020,00:55:29,0.034
11/21/2020,00:55:30,0.034
11/21/2020,00:55:31,0.037
11/21/2020,00:55:32,0.049
11/21/2020,00:55:33,0.036
11/21/2020,00:55:34,0.045
11/21/2020,00:55:35,0.042
11/21/2020,00:55:36,0.042
11/21/2020,00:55:37,0.043
11/21/2020,00:55:38,0.046
11/21/2020,00:55:39,0.044
11/21/2020,00:55:40,0.039
11/21/2020,00:55:41,0.038
11/21/2020,00:55:42,0.037
11/21/2020,00:55:43,0.035
11/21/2020,00:55:44,0.037
11/21/2020,00:55:45,0.036
11/21/2020,00:55:46,0.027
11/21/2020,00:55:47,0.026
11/21/2020,00:55:48,0.028
11/21/2020,00:55:49,0.032
11/21/2020,00:55:50,0.112
11/21/2020,00:55:51,0.037
11/21/2020,00:55:52,0.031
11/21/2020,00:55:53,0.03
11/21/2020,00:55:54,0.037
11/21/2020,00:55:55,0.026
11/21/2020,00:55:56,0.029
11/21/2020,00:55:57,0.052
11/21/2020,00:55:58,0.024
11/21/2020,00:55:59,0.024
11/21/2020,00:56:00,0.024

Instrument Name:,SidePak Aerosol Monitor
Model Number:,AM520
Serial Number:,5201704010
Test Name:,Test 14
Start Date:,11/21/2020
Start Time:,01:55:00
Duration (dd:hh:mm:ss):,00:00:01:00
Log Interval (mm:ss):,00:01
Number of points:,60
Description:,

Statistics Channel: ,Aerosol
,Units:,mg/m³
,Average:,0.035
,Minimum:,0.019
,Time of Minimum:,01:55:30
,Date of Minimum:,11/21/2020
,Maximum:,0.063
,Time of Maximum:,01:55:43
,Date of Maximum:,11/21/2020

,TWA:,N/A

Calibration Sensor: ,Aerosol
,Cal factor:,1
,Cal date:,11/03/2020
,Cal name:,USER1 

Date,Time,Concentration
MM/dd/yyyy,HH:mm:ss,mg/m³
11/21/2020,01:55:01,0.041
11/21/2020,01:55:02,0.038
11/21/2020,01:55:03,0.041
11/21/2020,01:55:04,0.055
11/21/2020,01:55:05,0.043
11/21/2020,01:55:06,0.036
11/21/2020,01:55:07,0.035
11/21/2020,01:55:08,0.043
11/21/2020,01:55:09,0.036
11/21/2020,01:55:10,0.046
11/21/2020,01:55:11,0.046
11/21/2020,01:55:12,0.039
11/21/2020,01:55:13,0.047
11/21/2020,01:55:14,0.037
11/21/2020,01:55:15,0.051
11/21/2020,01:55:16,0.031
11/21/2020,01:55:17,0.037
11/21/2020,01:55:18,0.046
11/21/2020,01:55:19,0.03
11/21/2020,01:55:20,0.03
11/21/2020,01:55:21,0.025
11/21/2020,01:55:22,0.021
11/21/2020,01:55:23,0.031
11/21/2020,01:55:24,0.044
11/21/2020,01:55:25,0.02
11/21/2020,01:55:26,0.024
11/21/2020,01:55:27,0.026
11/21/2020,01:55:28,0.02
11/21/2020,01:55:29,0.027
11/21/2020,01:55:30,0.019
11/21/2020,01:55:31,0.041
11/21/2020,01:55:32,0.025
11/21/2020,01:55:33,0.028
11/21/2020,01:55:34,0.028
11/21/2020,01:55:35,0.036
11/21/2020,01:55:36,0.032
11/21/2020,01:55:37,0.033
11/21/2020,01:55:38,0.036
11/21/2020,01:55:39,0.058
11/21/2020,01:55:40,0.046
11/21/2020,01:55:41,0.048
11/21/2020,01:55:42,0.039
11/21/2020,01:55:43,0.063
11/21/2020,01:55:44,0.035
11/21/2020,01:55:45,0.036
11/21/2020,01:55:46,0.034
11/21/2020,01:55:47,0.03
11/21/2020,01:55:48,0.048
11/21/2020,01:55:49,0.031
11/21/2020,01:55:50,0.027
11/21/2020,01:55:51,0.032
11/21/2020,01:55:52,0.02
11/21/2020,01:55:53,0.021
11/21/2020,01:55:54,0.03
11/21/2020,01:55:55,0.028
11/21/2020,01:55:56,0.024
11/21/2020,01:55:57,0.026
11/21/2020,01:55:58,0.028
11/21/2020,01:55:59,0.036
11/21/2020,01:56:00,0.053

Instrument Name:,SidePak Aerosol Monitor
Model Number:,AM520
Serial Number:,5201704010
Test Name:,Test 15
Start Date:,11/21/2020
Start Time:,02:55:00
Duration (dd:hh:mm:ss):,00:00:01:00
Log Interval (mm:ss):,00:01
Number of points:,60
Description:,

Statistics Channel: ,Aerosol
,Units:,mg/m³
,Average:,0.034
,Minimum:,0.017
,Time of Minimum:,02:55:29
,Date of Minimum:,11/21/2020
,Maximum:,0.048
,Time of Maximum:,02:55:52
,Date of Maximum:,11/21/2020

,TWA:,N/A

Calibration Sensor: ,Aerosol
,Cal factor:,1
,Cal date:,11/03/2020
,Cal name:,USER1 

Date,Time,Concentration
MM/dd/yyyy,HH:mm:ss,mg/m³
11/21/2020,02:55:01,0.02
11/21/2020,02:55:02,0.025
11/21/2020,02:55:03,0.021
11/21/2020,02:55:04,0.03
11/21/2020,02:55:05,0.029
11/21/2020,02:55:06,0.02
11/21/2020,02:55:07,0.031
11/21/2020,02:55:08,0.027
11/21/2020,02:55:09,0.03
11/21/2020,02:55:10,0.035
11/21/2020,02:55:11,0.047
11/21/2020,02:55:12,0.034
11/21/2020,02:55:13,0.041
11/21/2020,02:55:14,0.037
11/21/2020,02:55:15,0.044
11/21/2020,02:55:16,0.043
11/21/2020,02:55:17,0.038
11/21/2020,02:55:18,0.033
11/21/2020,02:55:19,0.031
11/21/2020,02:55:20,0.038
11/21/2020,02:55:21,0.028
11/21/2020,02:55:22,0.029
11/21/2020,02:55:23,0.028
11/21/2020,02:55:24,0.023
11/21/2020,02:55:25,0.021
11/21/2020,02:55:26,0.021
11/21/2020,02:55:27,0.019
11/21/2020,02:55:28,0.023
11/21/2020,02:55:29,0.017
11/21/2020,02:55:30,0.035
11/21/2020,02:55:31,0.028
11/21/2020,02:55:32,0.026
11/21/2020,02:55:33,0.02
11/21/2020,02:55:34,0.029
11/21/2020,02:55:35,0.027
11/21/2020,02:55:36,0.035
11/21/2020,02:55:37,0.038
11/21/2020,02:55:38,0.035
11/21/2020,02:55:39,0.034
11/21/2020,02:55:40,0.039
11/21/2020,02:55:41,0.037
11/21/2020,02:55:42,0.043
11/21/2020,02:55:43,0.037
11/21/2020,02:55:44,0.047
11/21/2020,02:55:45,0.037
11/21/2020,02:55:46,0.043
11/21/2020,02:55:47,0.04
11/21/2020,02:55:48,0.04
11/21/2020,02:55:49,0.037
11/21/2020,02:55:50,0.039
11/21/2020,02:55:51,0.037
11/21/2020,02:55:52,0.048
11/21/2020,02:55:53,0.041
11/21/2020,02:55:54,0.046
11/21/2020,02:55:55,0.037
11/21/2020,02:55:56,0.041
11/21/2020,02:55:57,0.046
11/21/2020,02:55:58,0.038
11/21/2020,02:55:59,0.036
11/21/2020,02:56:00,0.042

Instrument Name:,SidePak Aerosol Monitor
Model Number:,AM520
Serial Number:,5201704010
Test Name:,Test 16
Start Date:,11/21/2020
Start Time:,03:55:01
Duration (dd:hh:mm:ss):,00:00:01:00
Log Interval (mm:ss):,00:01
Number of points:,60
Description:,

Statistics Channel: ,Aerosol
,Units:,mg/m³
,Average:,0.031
,Minimum:,0.016
,Time of Minimum:,03:55:57
,Date of Minimum:,11/21/2020
,Maximum:,0.047
,Time of Maximum:,03:55:18
,Date of Maximum:,11/21/2020

,TWA:,N/A

Calibration Sensor: ,Aerosol
,Cal factor:,1
,Cal date:,11/03/2020
,Cal name:,USER1 

Date,Time,Concentration
MM/dd/yyyy,HH:mm:ss,mg/m³
11/21/2020,03:55:02,0.019
11/21/2020,03:55:03,0.025
11/21/2020,03:55:04,0.023
11/21/2020,03:55:05,0.03
11/21/2020,03:55:06,0.025
11/21/2020,03:55:07,0.027
11/21/2020,03:55:08,0.024
11/21/2020,03:55:09,0.026
11/21/2020,03:55:10,0.03
11/21/2020,03:55:11,0.025
11/21/2020,03:55:12,0.035
11/21/2020,03:55:13,0.031
11/21/2020,03:55:14,0.03
11/21/2020,03:55:15,0.033
11/21/2020,03:55:16,0.045
11/21/2020,03:55:17,0.033
11/21/2020,03:55:18,0.047
11/21/2020,03:55:19,0.046
11/21/2020,03:55:20,0.036
11/21/2020,03:55:21,0.037
11/21/2020,03:55:22,0.038
11/21/2020,03:55:23,0.039
11/21/2020,03:55:24,0.041
11/21/2020,03:55:25,0.035
11/21/2020,03:55:26,0.04
11/21/2020,03:55:27,0.03
11/21/2020,03:55:28,0.031
11/21/2020,03:55:29,0.041
11/21/2020,03:55:30,0.043
11/21/2020,03:55:31,0.032
11/21/2020,03:55:32,0.038
11/21/2020,03:55:33,0.033
11/21/2020,03:55:34,0.041
11/21/2020,03:55:35,0.032
11/21/2020,03:55:36,0.041
11/21/2020,03:55:37,0.039
11/21/2020,03:55:38,0.039
11/21/2020,03:55:39,0.03
11/21/2020,03:55:40,0.03
11/21/2020,03:55:41,0.034
11/21/2020,03:55:42,0.029
11/21/2020,03:55:43,0.033
11/21/2020,03:55:44,0.029
11/21/2020,03:55:45,0.038
11/21/2020,03:55:46,0.027
11/21/2020,03:55:47,0.026
11/21/2020,03:55:48,0.04
11/21/2020,03:55:49,0.026
11/21/2020,03:55:50,0.022
11/21/2020,03:55:51,0.023
11/21/2020,03:55:52,0.022
11/21/2020,03:55:53,0.019
11/21/2020,03:55:54,0.021
11/21/2020,03:55:55,0.022
11/21/2020,03:55:56,0.017
11/21/2020,03:55:57,0.016
11/21/2020,03:55:58,0.03
11/21/2020,03:55:59,0.021
11/21/2020,03:56:00,0.02
11/21/2020,03:56:01,0.026

Instrument Name:,SidePak Aerosol Monitor
Model Number:,AM520
Serial Number:,5201704010
Test Name:,Test 17
Start Date:,11/21/2020
Start Time:,04:55:01
Duration (dd:hh:mm:ss):,00:00:01:00
Log Interval (mm:ss):,00:01
Number of points:,60
Description:,

Statistics Channel: ,Aerosol
,Units:,mg/m³
,Average:,0.022
,Minimum:,0.012
,Time of Minimum:,04:55:47
,Date of Minimum:,11/21/2020
,Maximum:,0.042
,Time of Maximum:,04:55:38
,Date of Maximum:,11/21/2020

,TWA:,N/A

Calibration Sensor: ,Aerosol
,Cal factor:,1
,Cal date:,11/03/2020
,Cal name:,USER1 

Date,Time,Concentration
MM/dd/yyyy,HH:mm:ss,mg/m³
11/21/2020,04:55:02,0.028
11/21/2020,04:55:03,0.029
11/21/2020,04:55:04,0.028
11/21/2020,04:55:05,0.028
11/21/2020,04:55:06,0.024
11/21/2020,04:55:07,0.024
11/21/2020,04:55:08,0.017
11/21/2020,04:55:09,0.02
11/21/2020,04:55:10,0.018
11/21/2020,04:55:11,0.033
11/21/2020,04:55:12,0.029
11/21/2020,04:55:13,0.022
11/21/2020,04:55:14,0.02
11/21/2020,04:55:15,0.017
11/21/2020,04:55:16,0.017
11/21/2020,04:55:17,0.019
11/21/2020,04:55:18,0.024
11/21/2020,04:55:19,0.027
11/21/2020,04:55:20,0.025
11/21/2020,04:55:21,0.015
11/21/2020,04:55:22,0.015
11/21/2020,04:55:23,0.018
11/21/2020,04:55:24,0.025
11/21/2020,04:55:25,0.022
11/21/2020,04:55:26,0.018
11/21/2020,04:55:27,0.022
11/21/2020,04:55:28,0.023
11/21/2020,04:55:29,0.021
11/21/2020,04:55:30,0.028
11/21/2020,04:55:31,0.022
11/21/2020,04:55:32,0.017
11/21/2020,04:55:33,0.028
11/21/2020,04:55:34,0.024
11/21/2020,04:55:35,0.029
11/21/2020,04:55:36,0.02
11/21/2020,04:55:37,0.027
11/21/2020,04:55:38,0.042
11/21/2020,04:55:39,0.027
11/21/2020,04:55:40,0.022
11/21/2020,04:55:41,0.024
11/21/2020,04:55:42,0.019
11/21/2020,04:55:43,0.029
11/21/2020,04:55:44,0.021
11/21/2020,04:55:45,0.021
11/21/2020,04:55:46,0.019
11/21/2020,04:55:47,0.012
11/21/2020,04:55:48,0.018
11/21/2020,04:55:49,0.032
11/21/2020,04:55:50,0.016
11/21/2020,04:55:51,0.016
11/21/2020,04:55:52,0.017
11/21/2020,04:55:53,0.019
11/21/2020,04:55:54,0.02
11/21/2020,04:55:55,0.018
11/21/2020,04:55:56,0.017
11/21/2020,04:55:57,0.016
11/21/2020,04:55:58,0.025
11/21/2020,04:55:59,0.023
11/21/2020,04:56:00,0.016
11/21/2020,04:56:01,0.016

Instrument Name:,SidePak Aerosol Monitor
Model Number:,AM520
Serial Number:,5201704010
Test Name:,Test 18
Start Date:,11/21/2020
Start Time:,05:55:01
Duration (dd:hh:mm:ss):,00:00:01:00
Log Interval (mm:ss):,00:01
Number of points:,60
Description:,

Statistics Channel: ,Aerosol
,Units:,mg/m³
,Average:,0.026
,Minimum:,0.013
,Time of Minimum:,05:55:36
,Date of Minimum:,11/21/2020
,Maximum:,0.045
,Time of Maximum:,05:55:54
,Date of Maximum:,11/21/2020

,TWA:,N/A

Calibration Sensor: ,Aerosol
,Cal factor:,1
,Cal date:,11/03/2020
,Cal name:,USER1 

Date,Time,Concentration
MM/dd/yyyy,HH:mm:ss,mg/m³
11/21/2020,05:55:02,0.031
11/21/2020,05:55:03,0.028
11/21/2020,05:55:04,0.024
11/21/2020,05:55:05,0.028
11/21/2020,05:55:06,0.026
11/21/2020,05:55:07,0.021
11/21/2020,05:55:08,0.025
11/21/2020,05:55:09,0.019
11/21/2020,05:55:10,0.015
11/21/2020,05:55:11,0.016
11/21/2020,05:55:12,0.018
11/21/2020,05:55:13,0.019
11/21/2020,05:55:14,0.019
11/21/2020,05:55:15,0.022
11/21/2020,05:55:16,0.025
11/21/2020,05:55:17,0.028
11/21/2020,05:55:18,0.032
11/21/2020,05:55:19,0.028
11/21/2020,05:55:20,0.039
11/21/2020,05:55:21,0.036
11/21/2020,05:55:22,0.038
11/21/2020,05:55:23,0.034
11/21/2020,05:55:24,0.042
11/21/2020,05:55:25,0.028
11/21/2020,05:55:26,0.032
11/21/2020,05:55:27,0.027
11/21/2020,05:55:28,0.025
11/21/2020,05:55:29,0.027
11/21/2020,05:55:30,0.025
11/21/2020,05:55:31,0.019
11/21/2020,05:55:32,0.033
11/21/2020,05:55:33,0.019
11/21/2020,05:55:34,0.018
11/21/2020,05:55:35,0.015
11/21/2020,05:55:36,0.013
11/21/2020,05:55:37,0.018
11/21/2020,05:55:38,0.022
11/21/2020,05:55:39,0.024
11/21/2020,05:55:40,0.027
11/21/2020,05:55:41,0.031
11/21/2020,05:55:42,0.033
11/21/2020,05:55:43,0.044
11/21/2020,05:55:44,0.041
11/21/2020,05:55:45,0.033
11/21/2020,05:55:46,0.033
11/21/2020,05:55:47,0.037
11/21/2020,05:55:48,0.032
11/21/2020,05:55:49,0.029
11/21/2020,05:55:50,0.022
11/21/2020,05:55:51,0.022
11/21/2020,05:55:52,0.024
11/21/2020,05:55:53,0.018
11/21/2020,05:55:54,0.045
11/21/2020,05:55:55,0.024
11/21/2020,05:55:56,0.016
11/21/2020,05:55:57,0.024
11/21/2020,05:55:58,0.018
11/21/2020,05:55:59,0.024
11/21/2020,05:56:00,0.024
11/21/2020,05:56:01,0.022

Instrument Name:,SidePak Aerosol Monitor
Model Number:,AM520
Serial Number:,5201704010
Test Name:,Test 19
Start Date:,11/21/2020
Start Time:,06:55:01
Duration (dd:hh:mm:ss):,00:00:01:00
Log Interval (mm:ss):,00:01
Number of points:,60
Description:,

Statistics Channel: ,Aerosol
,Units:,mg/m³
,Average:,0.025
,Minimum:,0.012
,Time of Minimum:,06:55:28
,Date of Minimum:,11/21/2020
,Maximum:,0.047
,Time of Maximum:,06:55:11
,Date of Maximum:,11/21/2020

,TWA:,N/A

Calibration Sensor: ,Aerosol
,Cal factor:,1
,Cal date:,11/03/2020
,Cal name:,USER1 

Date,Time,Concentration
MM/dd/yyyy,HH:mm:ss,mg/m³
11/21/2020,06:55:02,0.032
11/21/2020,06:55:03,0.039
11/21/2020,06:55:04,0.033
11/21/2020,06:55:05,0.034
11/21/2020,06:55:06,0.035
11/21/2020,06:55:07,0.037
11/21/2020,06:55:08,0.029
11/21/2020,06:55:09,0.038
11/21/2020,06:55:10,0.038
11/21/2020,06:55:11,0.047
11/21/2020,06:55:12,0.03
11/21/2020,06:55:13,0.026
11/21/2020,06:55:14,0.033
11/21/2020,06:55:15,0.038
11/21/2020,06:55:16,0.025
11/21/2020,06:55:17,0.036
11/21/2020,06:55:18,0.028
11/21/2020,06:55:19,0.024
11/21/2020,06:55:20,0.024
11/21/2020,06:55:21,0.025
11/21/2020,06:55:22,0.023
11/21/2020,06:55:23,0.02
11/21/2020,06:55:24,0.025
11/21/2020,06:55:25,0.019
11/21/2020,06:55:26,0.019
11/21/2020,06:55:27,0.021
11/21/2020,06:55:28,0.012
11/21/2020,06:55:29,0.018
11/21/2020,06:55:30,0.019
11/21/2020,06:55:31,0.013
11/21/2020,06:55:32,0.014
11/21/2020,06:55:33,0.02
11/21/2020,06:55:34,0.017
11/21/2020,06:55:35,0.022
11/21/2020,06:55:36,0.016
11/21/2020,06:55:37,0.029
11/21/2020,06:55:38,0.019
11/21/2020,06:55:39,0.024
11/21/2020,06:55:40,0.023
11/21/2020,06:55:41,0.021
11/21/2020,06:55:42,0.038
11/21/2020,06:55:43,0.02
11/21/2020,06:55:44,0.033
11/21/2020,06:55:45,0.02
11/21/2020,06:55:46,0.022
11/21/2020,06:55:47,0.02
11/21/2020,06:55:48,0.04
11/21/2020,06:55:49,0.02
11/21/2020,06:55:50,0.019
11/21/2020,06:55:51,0.021
11/21/2020,06:55:52,0.019
11/21/2020,06:55:53,0.02
11/21/2020,06:55:54,0.018
11/21/2020,06:55:55,0.026
11/21/2020,06:55:56,0.015
11/21/2020,06:55:57,0.019
11/21/2020,06:55:58,0.018
11/21/2020,06:55:59,0.014
11/21/2020,06:56:00,0.017
11/21/2020,06:56:01,0.015

Instrument Name:,SidePak Aerosol Monitor
Model Number:,AM520
Serial Number:,5201704010
Test Name:,Test 20
Start Date:,11/21/2020
Start Time:,07:55:01
Duration (dd:hh:mm:ss):,00:00:01:00
Log Interval (mm:ss):,00:01
Number of points:,60
Description:,

Statistics Channel: ,Aerosol
,Units:,mg/m³
,Average:,0.039
,Minimum:,0.019
,Time of Minimum:,07:55:56
,Date of Minimum:,11/21/2020
,Maximum:,0.074
,Time of Maximum:,07:55:18
,Date of Maximum:,11/21/2020

,TWA:,N/A

Calibration Sensor: ,Aerosol
,Cal factor:,1
,Cal date:,11/03/2020
,Cal name:,USER1 

Date,Time,Concentration
MM/dd/yyyy,HH:mm:ss,mg/m³
11/21/2020,07:55:02,0.029
11/21/2020,07:55:03,0.046
11/21/2020,07:55:04,0.028
11/21/2020,07:55:05,0.037
11/21/2020,07:55:06,0.037
11/21/2020,07:55:07,0.043
11/21/2020,07:55:08,0.04
11/21/2020,07:55:09,0.056
11/21/2020,07:55:10,0.036
11/21/2020,07:55:11,0.05
11/21/2020,07:55:12,0.044
11/21/2020,07:55:13,0.038
11/21/2020,07:55:14,0.042
11/21/2020,07:55:15,0.055
11/21/2020,07:55:16,0.039
11/21/2020,07:55:17,0.042
11/21/2020,07:55:18,0.074
11/21/2020,07:55:19,0.048
11/21/2020,07:55:20,0.04
11/21/2020,07:55:21,0.042
11/21/2020,07:55:22,0.045
11/21/2020,07:55:23,0.038
11/21/2020,07:55:24,0.04
11/21/2020,07:55:25,0.043
11/21/2020,07:55:26,0.04
11/21/2020,07:55:27,0.049
11/21/2020,07:55:28,0.034
11/21/2020,07:55:29,0.034
11/21/2020,07:55:30,0.044
11/21/2020,07:55:31,0.038
11/21/2020,07:55:32,0.039
11/21/2020,07:55:33,0.046
11/21/2020,07:55:34,0.045
11/21/2020,07:55:35,0.041
11/21/2020,07:55:36,0.044
11/21/2020,07:55:37,0.043
11/21/2020,07:55:38,0.046
11/21/2020,07:55:39,0.047
11/21/2020,07:55:40,0.045
11/21/2020,07:55:41,0.04
11/21/2020,07:55:42,0.037
11/21/2020,07:55:43,0.041
11/21/2020,07:55:44,0.038
11/21/2020,07:55:45,0.036
11/21/2020,07:55:46,0.045
11/21/2020,07:55:47,0.03
11/21/2020,07:55:48,0.022
11/21/2020,07:55:49,0.028
11/21/2020,07:55:50,0.024
11/21/2020,07:55:51,0.03
11/21/2020,07:55:52,0.024
11/21/2020,07:55:53,0.03
11/21/2020,07:55:54,0.019
11/21/2020,07:55:55,0.031
11/21/2020,07:55:56,0.019
11/21/2020,07:55:57,0.021
11/21/2020,07:55:58,0.05
11/21/2020,07:55:59,0.03
11/21/2020,07:56:00,0.043
11/21/2020,07:56:01,0.039

Instrument Name:,SidePak Aerosol Monitor
Model Number:,AM520
Serial Number:,5201704010
Test Name:,Test 21
Start Date:,11/21/2020
Start Time:,08:55:01
Duration (dd:hh:mm:ss):,00:00:01:00
Log Interval (mm:ss):,00:01
Number of points:,60
Description:,

Statistics Channel: ,Aerosol
,Units:,mg/m³
,Average:,0.042
,Minimum:,0.027
,Time of Minimum:,08:55:59
,Date of Minimum:,11/21/2020
,Maximum:,0.061
,Time of Maximum:,08:55:18
,Date of Maximum:,11/21/2020

,TWA:,N/A

Calibration Sensor: ,Aerosol
,Cal factor:,1
,Cal date:,11/03/2020
,Cal name:,USER1 

Date,Time,Concentration
MM/dd/yyyy,HH:mm:ss,mg/m³
11/21/2020,08:55:02,0.033
11/21/2020,08:55:03,0.037
11/21/2020,08:55:04,0.032
11/21/2020,08:55:05,0.029
11/21/2020,08:55:06,0.039
11/21/2020,08:55:07,0.04
11/21/2020,08:55:08,0.037
11/21/2020,08:55:09,0.044
11/21/2020,08:55:10,0.04
11/21/2020,08:55:11,0.058
11/21/2020,08:55:12,0.041
11/21/2020,08:55:13,0.036
11/21/2020,08:55:14,0.049
11/21/2020,08:55:15,0.058
11/21/2020,08:55:16,0.037
11/21/2020,08:55:17,0.042
11/21/2020,08:55:18,0.061
11/21/2020,08:55:19,0.041
11/21/2020,08:55:20,0.039
11/21/2020,08:55:21,0.044
11/21/2020,08:55:22,0.039
11/21/2020,08:55:23,0.045
11/21/2020,08:55:24,0.045
11/21/2020,08:55:25,0.042
11/21/2020,08:55:26,0.043
11/21/2020,08:55:27,0.048
11/21/2020,08:55:28,0.04
11/21/2020,08:55:29,0.046
11/21/2020,08:55:30,0.045
11/21/2020,08:55:31,0.036
11/21/2020,08:55:32,0.046
11/21/2020,08:55:33,0.044
11/21/2020,08:55:34,0.046
11/21/2020,08:55:35,0.044
11/21/2020,08:55:36,0.038
11/21/2020,08:55:37,0.041
11/21/2020,08:55:38,0.049
11/21/2020,08:55:39,0.051
11/21/2020,08:55:40,0.046
11/21/2020,08:55:41,0.04
11/21/2020,08:55:42,0.058
11/21/2020,08:55:43,0.048
11/21/2020,08:55:44,0.043
11/21/2020,08:55:45,0.044
11/21/2020,08:55:46,0.048
11/21/2020,08:55:47,0.046
11/21/2020,08:55:48,0.045
11/21/2020,08:55:49,0.045
11/21/2020,08:55:50,0.045
11/21/2020,08:55:51,0.049
11/21/2020,08:55:52,0.057
11/21/2020,08:55:53,0.038
11/21/2020,08:55:54,0.039
11/21/2020,08:55:55,0.034
11/21/2020,08:55:56,0.034
11/21/2020,08:55:57,0.041
11/21/2020,08:55:58,0.029
11/21/2020,08:55:59,0.027
11/21/2020,08:56:00,0.028
11/21/2020,08:56:01,0.033

Instrument Name:,SidePak Aerosol Monitor
Model Number:,AM520
Serial Number:,5201704010
Test Name:,Test 22
Start Date:,11/21/2020
Start Time:,09:55:01
Duration (dd:hh:mm:ss):,00:00:01:00
Log Interval (mm:ss):,00:01
Number of points:,60
Description:,

Statistics Channel: ,Aerosol
,Units:,mg/m³
,Average:,0.043
,Minimum:,0.029
,Time of Minimum:,09:55:49
,Date of Minimum:,11/21/2020
,Maximum:,0.081
,Time of Maximum:,09:55:33
,Date of Maximum:,11/21/2020

,TWA:,N/A

Calibration Sensor: ,Aerosol
,Cal factor:,1
,Cal date:,11/03/2020
,Cal name:,USER1 

Date,Time,Concentration
MM/dd/yyyy,HH:mm:ss,mg/m³
11/21/2020,09:55:02,0.039
11/21/2020,09:55:03,0.052
11/21/2020,09:55:04,0.036
11/21/2020,09:55:05,0.045
11/21/2020,09:55:06,0.039
11/21/2020,09:55:07,0.041
11/21/2020,09:55:08,0.046
11/21/2020,09:55:09,0.036
11/21/2020,09:55:10,0.048
11/21/2020,09:55:11,0.04
11/21/2020,09:55:12,0.045
11/21/2020,09:55:13,0.045
11/21/2020,09:55:14,0.043
11/21/2020,09:55:15,0.053
11/21/2020,09:55:16,0.04
11/21/2020,09:55:17,0.042
11/21/2020,09:55:18,0.049
11/21/2020,09:55:19,0.055
11/21/2020,09:55:20,0.046
11/21/2020,09:55:21,0.058
11/21/2020,09:55:22,0.049
11/21/2020,09:55:23,0.051
11/21/2020,09:55:24,0.061
11/21/2020,09:55:25,0.051
11/21/2020,09:55:26,0.05
11/21/2020,09:55:27,0.066
11/21/2020,09:55:28,0.049
11/21/2020,09:55:29,0.052
11/21/2020,09:55:30,0.049
11/21/2020,09:55:31,0.042
11/21/2020,09:55:32,0.052
11/21/2020,09:55:33,0.081
11/21/2020,09:55:34,0.063
11/21/2020,09:55:35,0.036
11/21/2020,09:55:36,0.049
11/21/2020,09:55:37,0.035
11/21/2020,09:55:38,0.039
11/21/2020,09:55:39,0.037
11/21/2020,09:55:40,0.031
11/21/2020,09:55:41,0.037
11/21/2020,09:55:42,0.036
11/21/2020,09:55:43,0.029
11/21/2020,09:55:44,0.035
11/21/2020,09:55:45,0.029
11/21/2020,09:55:46,0.035
11/21/2020,09:55:47,0.036
11/21/2020,09:55:48,0.032
11/21/2020,09:55:49,0.029
11/21/2020,09:55:50,0.042
11/21/2020,09:55:51,0.03
11/21/2020,09:55:52,0.043
11/21/2020,09:55:53,0.031
11/21/2020,09:55:54,0.039
11/21/2020,09:55:55,0.031
11/21/2020,09:55:56,0.04
11/21/2020,09:55:57,0.036
11/21/2020,09:55:58,0.043
11/21/2020,09:55:59,0.04
11/21/2020,09:56:00,0.037
11/21/2020,09:56:01,0.039

Instrument Name:,SidePak Aerosol Monitor
Model Number:,AM520
Serial Number:,5201704010
Test Name:,Test 23
Start Date:,11/21/2020
Start Time:,10:55:01
Duration (dd:hh:mm:ss):,00:00:01:00
Log Interval (mm:ss):,00:01
Number of points:,60
Description:,

Statistics Channel: ,Aerosol
,Units:,mg/m³
,Average:,0.046
,Minimum:,0.032
,Time of Minimum:,10:55:44
,Date of Minimum:,11/21/2020
,Maximum:,0.092
,Time of Maximum:,10:55:43
,Date of Maximum:,11/21/2020

,TWA:,N/A

Calibration Sensor: ,Aerosol
,Cal factor:,1
,Cal date:,11/03/2020
,Cal name:,USER1 

Date,Time,Concentration
MM/dd/yyyy,HH:mm:ss,mg/m³
11/21/2020,10:55:02,0.05
11/21/2020,10:55:03,0.053
11/21/2020,10:55:04,0.055
11/21/2020,10:55:05,0.081
11/21/2020,10:55:06,0.084
11/21/2020,10:55:07,0.047
11/21/2020,10:55:08,0.061
11/21/2020,10:55:09,0.052
11/21/2020,10:55:10,0.046
11/21/2020,10:55:11,0.06
11/21/2020,10:55:12,0.053
11/21/2020,10:55:13,0.047
11/21/2020,10:55:14,0.049
11/21/2020,10:55:15,0.054
11/21/2020,10:55:16,0.033
11/21/2020,10:55:17,0.041
11/21/2020,10:55:18,0.042
11/21/2020,10:55:19,0.034
11/21/2020,10:55:20,0.05
11/21/2020,10:55:21,0.033
11/21/2020,10:55:22,0.038
11/21/2020,10:55:23,0.042
11/21/2020,10:55:24,0.032
11/21/2020,10:55:25,0.033
11/21/2020,10:55:26,0.034
11/21/2020,10:55:27,0.041
11/21/2020,10:55:28,0.036
11/21/2020,10:55:29,0.04
11/21/2020,10:55:30,0.037
11/21/2020,10:55:31,0.042
11/21/2020,10:55:32,0.036
11/21/2020,10:55:33,0.041
11/21/2020,10:55:34,0.036
11/21/2020,10:55:35,0.032
11/21/2020,10:55:36,0.036
11/21/2020,10:55:37,0.055
11/21/2020,10:55:38,0.037
11/21/2020,10:55:39,0.036
11/21/2020,10:55:40,0.038
11/21/2020,10:55:41,0.034
11/21/2020,10:55:42,0.041
11/21/2020,10:55:43,0.092
11/21/2020,10:55:44,0.032
11/21/2020,10:55:45,0.045
11/21/2020,10:55:46,0.037
11/21/2020,10:55:47,0.039
11/21/2020,10:55:48,0.061
11/21/2020,10:55:49,0.037
11/21/2020,10:55:50,0.045
11/21/2020,10:55:51,0.045
11/21/2020,10:55:52,0.061
11/21/2020,10:55:53,0.044
11/21/2020,10:55:54,0.045
11/21/2020,10:55:55,0.064
11/21/2020,10:55:56,0.059
11/21/2020,10:55:57,0.048
11/21/2020,10:55:58,0.053
11/21/2020,10:55:59,0.052
11/21/2020,10:56:00,0.043
11/21/2020,10:56:01,0.049

Instrument Name:,SidePak Aerosol Monitor
Model Number:,AM520
Serial Number:,5201704010
Test Name:,Test 24
Start Date:,11/21/2020
Start Time:,11:55:02
Duration (dd:hh:mm:ss):,00:00:01:00
Log Interval (mm:ss):,00:01
Number of points:,60
Description:,

Statistics Channel: ,Aerosol
,Units:,mg/m³
,Average:,0.049
,Minimum:,0.031
,Time of Minimum:,11:55:47
,Date of Minimum:,11/21/2020
,Maximum:,0.091
,Time of Maximum:,11:55:23
,Date of Maximum:,11/21/2020

,TWA:,N/A

Calibration Sensor: ,Aerosol
,Cal factor:,1
,Cal date:,11/03/2020
,Cal name:,USER1 

Date,Time,Concentration
MM/dd/yyyy,HH:mm:ss,mg/m³
11/21/2020,11:55:03,0.055
11/21/2020,11:55:04,0.046
11/21/2020,11:55:05,0.044
11/21/2020,11:55:06,0.051
11/21/2020,11:55:07,0.049
11/21/2020,11:55:08,0.048
11/21/2020,11:55:09,0.054
11/21/2020,11:55:10,0.057
11/21/2020,11:55:11,0.071
11/21/2020,11:55:12,0.054
11/21/2020,11:55:13,0.048
11/21/2020,11:55:14,0.05
11/21/2020,11:55:15,0.051
11/21/2020,11:55:16,0.072
11/21/2020,11:55:17,0.048
11/21/2020,11:55:18,0.05
11/21/2020,11:55:19,0.056
11/21/2020,11:55:20,0.053
11/21/2020,11:55:21,0.061
11/21/2020,11:55:22,0.052
11/21/2020,11:55:23,0.091
11/21/2020,11:55:24,0.044
11/21/2020,11:55:25,0.047
11/21/2020,11:55:26,0.055
11/21/2020,11:55:27,0.047
11/21/2020,11:55:28,0.05
11/21/2020,11:55:29,0.05
11/21/2020,11:55:30,0.052
11/21/2020,11:55:31,0.048
11/21/2020,11:55:32,0.046
11/21/2020,11:55:33,0.055
11/21/2020,11:55:34,0.049
11/21/2020,11:55:35,0.048
11/21/2020,11:55:36,0.051
11/21/2020,11:55:37,0.04
11/21/2020,11:55:38,0.052
11/21/2020,11:55:39,0.052
11/21/2020,11:55:40,0.039
11/21/2020,11:55:41,0.034
11/21/2020,11:55:42,0.035
11/21/2020,11:55:43,0.038
11/21/2020,11:55:44,0.036
11/21/2020,11:55:45,0.045
11/21/2020,11:55:46,0.061
11/21/2020,11:55:47,0.031
11/21/2020,11:55:48,0.037
11/21/2020,11:55:49,0.038
11/21/2020,11:55:50,0.037
11/21/2020,11:55:51,0.041
11/21/2020,11:55:52,0.042
11/21/2020,11:55:53,0.053
11/21/2020,11:55:54,0.05
11/21/2020,11:55:55,0.045
11/21/2020,11:55:56,0.047
11/21/2020,11:55:57,0.044
11/21/2020,11:55:58,0.05
11/21/2020,11:55:59,0.048
11/21/2020,11:56:00,0.056
11/21/2020,11:56:01,0.053
11/21/2020,11:56:02,0.049

Instrument Name:,SidePak Aerosol Monitor
Model Number:,AM520
Serial Number:,5201704010
Test Name:,Test 25
Start Date:,11/21/2020
Start Time:,12:55:02
Duration (dd:hh:mm:ss):,00:00:01:00
Log Interval (mm:ss):,00:01
Number of points:,60
Description:,

Statistics Channel: ,Aerosol
,Units:,mg/m³
,Average:,0.054
,Minimum:,0.041
,Time of Minimum:,12:55:45
,Date of Minimum:,11/21/2020
,Maximum:,0.077
,Time of Maximum:,12:55:18
,Date of Maximum:,11/21/2020

,TWA:,N/A

Calibration Sensor: ,Aerosol
,Cal factor:,1
,Cal date:,11/03/2020
,Cal name:,USER1 

Date,Time,Concentration
MM/dd/yyyy,HH:mm:ss,mg/m³
11/21/2020,12:55:03,0.053
11/21/2020,12:55:04,0.055
11/21/2020,12:55:05,0.068
11/21/2020,12:55:06,0.058
11/21/2020,12:55:07,0.05
11/21/2020,12:55:08,0.052
11/21/2020,12:55:09,0.053
11/21/2020,12:55:10,0.059
11/21/2020,12:55:11,0.05
11/21/2020,12:55:12,0.055
11/21/2020,12:55:13,0.069
11/21/2020,12:55:14,0.068
11/21/2020,12:55:15,0.052
11/21/2020,12:55:16,0.05
11/21/2020,12:55:17,0.052
11/21/2020,12:55:18,0.077
11/21/2020,12:55:19,0.058
11/21/2020,12:55:20,0.052
11/21/2020,12:55:21,0.056
11/21/2020,12:55:22,0.061
11/21/2020,12:55:23,0.054
11/21/2020,12:55:24,0.053
11/21/2020,12:55:25,0.05
11/21/2020,12:55:26,0.054
11/21/2020,12:55:27,0.062
11/21/2020,12:55:28,0.054
11/21/2020,12:55:29,0.072
11/21/2020,12:55:30,0.07
11/21/2020,12:55:31,0.06
11/21/2020,12:55:32,0.063
11/21/2020,12:55:33,0.044
11/21/2020,12:55:34,0.052
11/21/2020,12:55:35,0.073
11/21/2020,12:55:36,0.047
11/21/2020,12:55:37,0.052
11/21/2020,12:55:38,0.041
11/21/2020,12:55:39,0.049
11/21/2020,12:55:40,0.044
11/21/2020,12:55:41,0.055
11/21/2020,12:55:42,0.054
11/21/2020,12:55:43,0.071
11/21/2020,12:55:44,0.064
11/21/2020,12:55:45,0.041
11/21/2020,12:55:46,0.043
11/21/2020,12:55:47,0.052
11/21/2020,12:55:48,0.053
11/21/2020,12:55:49,0.045
11/21/2020,12:55:50,0.049
11/21/2020,12:55:51,0.049
11/21/2020,12:55:52,0.047
11/21/2020,12:55:53,0.046
11/21/2020,12:55:54,0.048
11/21/2020,12:55:55,0.048
11/21/2020,12:55:56,0.053
11/21/2020,12:55:57,0.044
11/21/2020,12:55:58,0.043
11/21/2020,12:55:59,0.047
11/21/2020,12:56:00,0.044
11/21/2020,12:56:01,0.043
11/21/2020,12:56:02,0.058

Instrument Name:,SidePak Aerosol Monitor
Model Number:,AM520
Serial Number:,5201704010
Test Name:,Test 26
Start Date:,11/21/2020
Start Time:,01:55:02
Duration (dd:hh:mm:ss):,00:00:01:00
Log Interval (mm:ss):,00:01
Number of points:,60
Description:,

Statistics Channel: ,Aerosol
,Units:,mg/m³
,Average:,0.055
,Minimum:,0.037
,Time of Minimum:,01:55:40
,Date of Minimum:,11/21/2020
,Maximum:,0.1
,Time of Maximum:,01:55:44
,Date of Maximum:,11/21/2020

,TWA:,N/A

Calibration Sensor: ,Aerosol
,Cal factor:,1
,Cal date:,11/03/2020
,Cal name:,USER1 

Date,Time,Concentration
MM/dd/yyyy,HH:mm:ss,mg/m³
11/21/2020,13:55:03,0.048
11/21/2020,13:55:04,0.044
11/21/2020,13:55:05,0.068
11/21/2020,13:55:06,0.051
11/21/2020,13:55:07,0.043
11/21/2020,13:55:08,0.067
11/21/2020,13:55:09,0.07
11/21/2020,13:55:10,0.049
11/21/2020,13:55:11,0.081
11/21/2020,13:55:12,0.053
11/21/2020,13:55:13,0.051
11/21/2020,13:55:14,0.055
11/21/2020,13:55:15,0.061
11/21/2020,13:55:16,0.053
11/21/2020,13:55:17,0.053
11/21/2020,13:55:18,0.049
11/21/2020,13:55:19,0.059
11/21/2020,13:55:20,0.042
11/21/2020,13:55:21,0.05
11/21/2020,13:55:22,0.055
11/21/2020,13:55:23,0.049
11/21/2020,13:55:24,0.045
11/21/2020,13:55:25,0.049
11/21/2020,13:55:26,0.063
11/21/2020,13:55:27,0.065
11/21/2020,13:55:28,0.07
11/21/2020,13:55:29,0.057
11/21/2020,13:55:30,0.051
11/21/2020,13:55:31,0.055
11/21/2020,13:55:32,0.052
11/21/2020,13:55:33,0.05
11/21/2020,13:55:34,0.049
11/21/2020,13:55:35,0.047
11/21/2020,13:55:36,0.05
11/21/2020,13:55:37,0.05
11/21/2020,13:55:38,0.063
11/21/2020,13:55:39,0.067
11/21/2020,13:55:40,0.037
11/21/2020,13:55:41,0.06
11/21/2020,13:55:42,0.049
11/21/2020,13:55:43,0.047
11/21/2020,13:55:44,0.1
11/21/2020,13:55:45,0.06
11/21/2020,13:55:46,0.049
11/21/2020,13:55:47,0.047
11/21/2020,13:55:48,0.048
11/21/2020,13:55:49,0.06
11/21/2020,13:55:50,0.048
11/21/2020,13:55:51,0.051
11/21/2020,13:55:52,0.047
11/21/2020,13:55:53,0.054
11/21/2020,13:55:54,0.06
11/21/2020,13:55:55,0.051
11/21/2020,13:55:56,0.056
11/21/2020,13:55:57,0.065
11/21/2020,13:55:58,0.045
11/21/2020,13:55:59,0.055
11/21/2020,13:56:00,0.065
11/21/2020,13:56:01,0.049
11/21/2020,13:56:02,0.058

Instrument Name:,SidePak Aerosol Monitor
Model Number:,AM520
Serial Number:,5201704010
Test Name:,Test 27
Start Date:,11/21/2020
Start Time:,02:55:02
Duration (dd:hh:mm:ss):,00:00:01:00
Log Interval (mm:ss):,00:01
Number of points:,60
Description:,

Statistics Channel: ,Aerosol
,Units:,mg/m³
,Average:,0.071
,Minimum:,0.052
,Time of Minimum:,02:55:19
,Date of Minimum:,11/21/2020
,Maximum:,0.104
,Time of Maximum:,02:55:50
,Date of Maximum:,11/21/2020

,TWA:,N/A

Calibration Sensor: ,Aerosol
,Cal factor:,1
,Cal date:,11/03/2020
,Cal name:,USER1 

Date,Time,Concentration
MM/dd/yyyy,HH:mm:ss,mg/m³
11/21/2020,14:55:03,0.078
11/21/2020,14:55:04,0.057
11/21/2020,14:55:05,0.064
11/21/2020,14:55:06,0.097
11/21/2020,14:55:07,0.071
11/21/2020,14:55:08,0.06
11/21/2020,14:55:09,0.07
11/21/2020,14:55:10,0.071
11/21/2020,14:55:11,0.057
11/21/2020,14:55:12,0.067
11/21/2020,14:55:13,0.064
11/21/2020,14:55:14,0.076
11/21/2020,14:55:15,0.061
11/21/2020,14:55:16,0.053
11/21/2020,14:55:17,0.067
11/21/2020,14:55:18,0.063
11/21/2020,14:55:19,0.052
11/21/2020,14:55:20,0.056
11/21/2020,14:55:21,0.064
11/21/2020,14:55:22,0.059
11/21/2020,14:55:23,0.076
11/21/2020,14:55:24,0.061
11/21/2020,14:55:25,0.065
11/21/2020,14:55:26,0.064
11/21/2020,14:55:27,0.059
11/21/2020,14:55:28,0.075
11/21/2020,14:55:29,0.059
11/21/2020,14:55:30,0.067
11/21/2020,14:55:31,0.062
11/21/2020,14:55:32,0.084
11/21/2020,14:55:33,0.077
11/21/2020,14:55:34,0.062
11/21/2020,14:55:35,0.07
11/21/2020,14:55:36,0.061
11/21/2020,14:55:37,0.058
11/21/2020,14:55:38,0.069
11/21/2020,14:55:39,0.054
11/21/2020,14:55:40,0.078
11/21/2020,14:55:41,0.081
11/21/2020,14:55:42,0.077
11/21/2020,14:55:43,0.084
11/21/2020,14:55:44,0.071
11/21/2020,14:55:45,0.07
11/21/2020,14:55:46,0.085
11/21/2020,14:55:47,0.087
11/21/2020,14:55:48,0.072
11/21/2020,14:55:49,0.083
11/21/2020,14:55:50,0.104
11/21/2020,14:55:51,0.074
11/21/2020,14:55:52,0.083
11/21/2020,14:55:53,0.078
11/21/2020,14:55:54,0.083
11/21/2020,14:55:55,0.08
11/21/2020,14:55:56,0.082
11/21/2020,14:55:57,0.081
11/21/2020,14:55:58,0.072
11/21/2020,14:55:59,0.077
11/21/2020,14:56:00,0.087
11/21/2020,14:56:01,0.08
11/21/2020,14:56:02,0.071

Instrument Name:,SidePak Aerosol Monitor
Model Number:,AM520
Serial Number:,5201704010
Test Name:,Test 28
Start Date:,11/21/2020
Start Time:,03:55:02
Duration (dd:hh:mm:ss):,00:00:01:00
Log Interval (mm:ss):,00:01
Number of points:,60
Description:,

Statistics Channel: ,Aerosol
,Units:,mg/m³
,Average:,0.057
,Minimum:,0.04
,Time of Minimum:,03:55:59
,Date of Minimum:,11/21/2020
,Maximum:,0.099
,Time of Maximum:,03:55:20
,Date of Maximum:,11/21/2020

,TWA:,N/A

Calibration Sensor: ,Aerosol
,Cal factor:,1
,Cal date:,11/03/2020
,Cal name:,USER1 

Date,Time,Concentration
MM/dd/yyyy,HH:mm:ss,mg/m³
11/21/2020,15:55:03,0.06
11/21/2020,15:55:04,0.063
11/21/2020,15:55:05,0.063
11/21/2020,15:55:06,0.069
11/21/2020,15:55:07,0.064
11/21/2020,15:55:08,0.059
11/21/2020,15:55:09,0.062
11/21/2020,15:55:10,0.078
11/21/2020,15:55:11,0.058
11/21/2020,15:55:12,0.064
11/21/2020,15:55:13,0.062
11/21/2020,15:55:14,0.061
11/21/2020,15:55:15,0.067
11/21/2020,15:55:16,0.07
11/21/2020,15:55:17,0.058
11/21/2020,15:55:18,0.064
11/21/2020,15:55:19,0.067
11/21/2020,15:55:20,0.099
11/21/2020,15:55:21,0.058
11/21/2020,15:55:22,0.044
11/21/2020,15:55:23,0.054
11/21/2020,15:55:24,0.052
11/21/2020,15:55:25,0.05
11/21/2020,15:55:26,0.056
11/21/2020,15:55:27,0.081
11/21/2020,15:55:28,0.044
11/21/2020,15:55:29,0.051
11/21/2020,15:55:30,0.048
11/21/2020,15:55:31,0.058
11/21/2020,15:55:32,0.068
11/21/2020,15:55:33,0.055
11/21/2020,15:55:34,0.056
11/21/2020,15:55:35,0.041
11/21/2020,15:55:36,0.047
11/21/2020,15:55:37,0.046
11/21/2020,15:55:38,0.059
11/21/2020,15:55:39,0.042
11/21/2020,15:55:40,0.042
11/21/2020,15:55:41,0.064
11/21/2020,15:55:42,0.043
11/21/2020,15:55:43,0.047
11/21/2020,15:55:44,0.065
11/21/2020,15:55:45,0.047
11/21/2020,15:55:46,0.059
11/21/2020,15:55:47,0.053
11/21/2020,15:55:48,0.071
11/21/2020,15:55:49,0.057
11/21/2020,15:55:50,0.053
11/21/2020,15:55:51,0.045
11/21/2020,15:55:52,0.052
11/21/2020,15:55:53,0.053
11/21/2020,15:55:54,0.048
11/21/2020,15:55:55,0.059
11/21/2020,15:55:56,0.04
11/21/2020,15:55:57,0.055
11/21/2020,15:55:58,0.058
11/21/2020,15:55:59,0.04
11/21/2020,15:56:00,0.047
11/21/2020,15:56:01,0.057
11/21/2020,15:56:02,0.047

Instrument Name:,SidePak Aerosol Monitor
Model Number:,AM520
Serial Number:,5201704010
Test Name:,Test 29
Start Date:,11/21/2020
Start Time:,04:55:02
Duration (dd:hh:mm:ss):,00:00:01:00
Log Interval (mm:ss):,00:01
Number of points:,60
Description:,

Statistics Channel: ,Aerosol
,Units:,mg/m³
,Average:,0.054
,Minimum:,0.041
,Time of Minimum:,04:55:50
,Date of Minimum:,11/21/2020
,Maximum:,0.076
,Time of Maximum:,04:55:59
,Date of Maximum:,11/21/2020

,TWA:,N/A

Calibration Sensor: ,Aerosol
,Cal factor:,1
,Cal date:,11/03/2020
,Cal name:,USER1 

Date,Time,Concentration
MM/dd/yyyy,HH:mm:ss,mg/m³
11/21/2020,16:55:03,0.075
11/21/2020,16:55:04,0.054
11/21/2020,16:55:05,0.074
11/21/2020,16:55:06,0.069
11/21/2020,16:55:07,0.056
11/21/2020,16:55:08,0.052
11/21/2020,16:55:09,0.06
11/21/2020,16:55:10,0.042
11/21/2020,16:55:11,0.057
11/21/2020,16:55:12,0.058
11/21/2020,16:55:13,0.075
11/21/2020,16:55:14,0.043
11/21/2020,16:55:15,0.051
11/21/2020,16:55:16,0.05
11/21/2020,16:55:17,0.046
11/21/2020,16:55:18,0.053
11/21/2020,16:55:19,0.053
11/21/2020,16:55:20,0.05
11/21/2020,16:55:21,0.044
11/21/2020,16:55:22,0.046
11/21/2020,16:55:23,0.044
11/21/2020,16:55:24,0.042
11/21/2020,16:55:25,0.043
11/21/2020,16:55:26,0.055
11/21/2020,16:55:27,0.055
11/21/2020,16:55:28,0.049
11/21/2020,16:55:29,0.061
11/21/2020,16:55:30,0.041
11/21/2020,16:55:31,0.056
11/21/2020,16:55:32,0.057
11/21/2020,16:55:33,0.044
11/21/2020,16:55:34,0.046
11/21/2020,16:55:35,0.059
11/21/2020,16:55:36,0.048
11/21/2020,16:55:37,0.057
11/21/2020,16:55:38,0.061
11/21/2020,16:55:39,0.054
11/21/2020,16:55:40,0.047
11/21/2020,16:55:41,0.042
11/21/2020,16:55:42,0.044
11/21/2020,16:55:43,0.054
11/21/2020,16:55:44,0.067
11/21/2020,16:55:45,0.058
11/21/2020,16:55:46,0.048
11/21/2020,16:55:47,0.054
11/21/2020,16:55:48,0.051
11/21/2020,16:55:49,0.054
11/21/2020,16:55:50,0.041
11/21/2020,16:55:51,0.056
11/21/2020,16:55:52,0.058
11/21/2020,16:55:53,0.069
11/21/2020,16:55:54,0.049
11/21/2020,16:55:55,0.055
11/21/2020,16:55:56,0.054
11/21/2020,16:55:57,0.051
11/21/2020,16:55:58,0.056
11/21/2020,16:55:59,0.076
11/21/2020,16:56:00,0.063
11/21/2020,16:56:01,0.05
11/21/2020,16:56:02,0.057

Instrument Name:,SidePak Aerosol Monitor
Model Number:,AM520
Serial Number:,5201704010
Test Name:,Test 30
Start Date:,11/21/2020
Start Time:,05:55:02
Duration (dd:hh:mm:ss):,00:00:01:00
Log Interval (mm:ss):,00:01
Number of points:,60
Description:,

Statistics Channel: ,Aerosol
,Units:,mg/m³
,Average:,0.058
,Minimum:,0.04
,Time of Minimum:,05:55:39
,Date of Minimum:,11/21/2020
,Maximum:,0.091
,Time of Maximum:,05:55:51
,Date of Maximum:,11/21/2020

,TWA:,N/A

Calibration Sensor: ,Aerosol
,Cal factor:,1
,Cal date:,11/03/2020
,Cal name:,USER1 

Date,Time,Concentration
MM/dd/yyyy,HH:mm:ss,mg/m³
11/21/2020,17:55:03,0.076
11/21/2020,17:55:04,0.051
11/21/2020,17:55:05,0.062
11/21/2020,17:55:06,0.049
11/21/2020,17:55:07,0.058
11/21/2020,17:55:08,0.046
11/21/2020,17:55:09,0.047
11/21/2020,17:55:10,0.056
11/21/2020,17:55:11,0.048
11/21/2020,17:55:12,0.063
11/21/2020,17:55:13,0.055
11/21/2020,17:55:14,0.055
11/21/2020,17:55:15,0.06
11/21/2020,17:55:16,0.063
11/21/2020,17:55:17,0.05
11/21/2020,17:55:18,0.06
11/21/2020,17:55:19,0.05
11/21/2020,17:55:20,0.062
11/21/2020,17:55:21,0.062
11/21/2020,17:55:22,0.068
11/21/2020,17:55:23,0.067
11/21/2020,17:55:24,0.057
11/21/2020,17:55:25,0.055
11/21/2020,17:55:26,0.056
11/21/2020,17:55:27,0.051
11/21/2020,17:55:28,0.058
11/21/2020,17:55:29,0.061
11/21/2020,17:55:30,0.058
11/21/2020,17:55:31,0.053
11/21/2020,17:55:32,0.05
11/21/2020,17:55:33,0.048
11/21/2020,17:55:34,0.045
11/21/2020,17:55:35,0.055
11/21/2020,17:55:36,0.056
11/21/2020,17:55:37,0.058
11/21/2020,17:55:38,0.05
11/21/2020,17:55:39,0.04
11/21/2020,17:55:40,0.057
11/21/2020,17:55:41,0.061
11/21/2020,17:55:42,0.05
11/21/2020,17:55:43,0.068
11/21/2020,17:55:44,0.064
11/21/2020,17:55:45,0.051
11/21/2020,17:55:46,0.047
11/21/2020,17:55:47,0.049
11/21/2020,17:55:48,0.054
11/21/2020,17:55:49,0.062
11/21/2020,17:55:50,0.06
11/21/2020,17:55:51,0.091
11/21/2020,17:55:52,0.06
11/21/2020,17:55:53,0.059
11/21/2020,17:55:54,0.062
11/21/2020,17:55:55,0.061
11/21/2020,17:55:56,0.065
11/21/2020,17:55:57,0.06
11/21/2020,17:55:58,0.056
11/21/2020,17:55:59,0.09
11/21/2020,17:56:00,0.063
11/21/2020,17:56:01,0.068
11/21/2020,17:56:02,0.067

Instrument Name:,SidePak Aerosol Monitor
Model Number:,AM520
Serial Number:,5201704010
Test Name:,Test 31
Start Date:,11/21/2020
Start Time:,06:55:03
Duration (dd:hh:mm:ss):,00:00:01:00
Log Interval (mm:ss):,00:01
Number of points:,60
Description:,

Statistics Channel: ,Aerosol
,Units:,mg/m³
,Average:,0.068
,Minimum:,0.052
,Time of Minimum:,06:55:42
,Date of Minimum:,11/21/2020
,Maximum:,0.107
,Time of Maximum:,06:56:02
,Date of Maximum:,11/21/2020

,TWA:,N/A

Calibration Sensor: ,Aerosol
,Cal factor:,1
,Cal date:,11/03/2020
,Cal name:,USER1 

Date,Time,Concentration
MM/dd/yyyy,HH:mm:ss,mg/m³
11/21/2020,18:55:04,0.066
11/21/2020,18:55:05,0.063
11/21/2020,18:55:06,0.059
11/21/2020,18:55:07,0.071
11/21/2020,18:55:08,0.066
11/21/2020,18:55:09,0.063
11/21/2020,18:55:10,0.067
11/21/2020,18:55:11,0.063
11/21/2020,18:55:12,0.065
11/21/2020,18:55:13,0.062
11/21/2020,18:55:14,0.071
11/21/2020,18:55:15,0.064
11/21/2020,18:55:16,0.054
11/21/2020,18:55:17,0.053
11/21/2020,18:55:18,0.06
11/21/2020,18:55:19,0.063
11/21/2020,18:55:20,0.06
11/21/2020,18:55:21,0.06
11/21/2020,18:55:22,0.066
11/21/2020,18:55:23,0.059
11/21/2020,18:55:24,0.069
11/21/2020,18:55:25,0.063
11/21/2020,18:55:26,0.061
11/21/2020,18:55:27,0.066
11/21/2020,18:55:28,0.057
11/21/2020,18:55:29,0.064
11/21/2020,18:55:30,0.066
11/21/2020,18:55:31,0.062
11/21/2020,18:55:32,0.069
11/21/2020,18:55:33,0.057
11/21/2020,18:55:34,0.056
11/21/2020,18:55:35,0.057
11/21/2020,18:55:36,0.074
11/21/2020,18:55:37,0.064
11/21/2020,18:55:38,0.071
11/21/2020,18:55:39,0.055
11/21/2020,18:55:40,0.058
11/21/2020,18:55:41,0.059
11/21/2020,18:55:42,0.052
11/21/2020,18:55:43,0.054
11/21/2020,18:55:44,0.094
11/21/2020,18:55:45,0.055
11/21/2020,18:55:46,0.089
11/21/2020,18:55:47,0.097
11/21/2020,18:55:48,0.082
11/21/2020,18:55:49,0.071
11/21/2020,18:55:50,0.071
11/21/2020,18:55:51,0.083
11/21/2020,18:55:52,0.055
11/21/2020,18:55:53,0.074
11/21/2020,18:55:54,0.069
11/21/2020,18:55:55,0.084
11/21/2020,18:55:56,0.076
11/21/2020,18:55:57,0.1
11/21/2020,18:55:58,0.093
11/21/2020,18:55:59,0.079
11/21/2020,18:56:00,0.081
11/21/2020,18:56:01,0.067
11/21/2020,18:56:02,0.107
11/21/2020,18:56:03,0.084

Instrument Name:,SidePak Aerosol Monitor
Model Number:,AM520
Serial Number:,5201704010
Test Name:,Test 32
Start Date:,11/21/2020
Start Time:,07:55:03
Duration (dd:hh:mm:ss):,00:00:01:00
Log Interval (mm:ss):,00:01
Number of points:,60
Description:,

Statistics Channel: ,Aerosol
,Units:,mg/m³
,Average:,0.092
,Minimum:,0.067
,Time of Minimum:,07:55:55
,Date of Minimum:,11/21/2020
,Maximum:,0.131
,Time of Maximum:,07:55:16
,Date of Maximum:,11/21/2020

,TWA:,N/A

Calibration Sensor: ,Aerosol
,Cal factor:,1
,Cal date:,11/03/2020
,Cal name:,USER1 

Date,Time,Concentration
MM/dd/yyyy,HH:mm:ss,mg/m³
11/21/2020,19:55:04,0.109
11/21/2020,19:55:05,0.1
11/21/2020,19:55:06,0.111
11/21/2020,19:55:07,0.101
11/21/2020,19:55:08,0.084
11/21/2020,19:55:09,0.107
11/21/2020,19:55:10,0.074
11/21/2020,19:55:11,0.096
11/21/2020,19:55:12,0.091
11/21/2020,19:55:13,0.083
11/21/2020,19:55:14,0.104
11/21/2020,19:55:15,0.085
11/21/2020,19:55:16,0.131
11/21/2020,19:55:17,0.068
11/21/2020,19:55:18,0.082
11/21/2020,19:55:19,0.094
11/21/2020,19:55:20,0.079
11/21/2020,19:55:21,0.108
11/21/2020,19:55:22,0.067
11/21/2020,19:55:23,0.087
11/21/2020,19:55:24,0.091
11/21/2020,19:55:25,0.07
11/21/2020,19:55:26,0.088
11/21/2020,19:55:27,0.091
11/21/2020,19:55:28,0.089
11/21/2020,19:55:29,0.095
11/21/2020,19:55:30,0.103
11/21/2020,19:55:31,0.09
11/21/2020,19:55:32,0.125
11/21/2020,19:55:33,0.094
11/21/2020,19:55:34,0.099
11/21/2020,19:55:35,0.095
11/21/2020,19:55:36,0.092
11/21/2020,19:55:37,0.097
11/21/2020,19:55:38,0.1
11/21/2020,19:55:39,0.084
11/21/2020,19:55:40,0.119
11/21/2020,19:55:41,0.104
11/21/2020,19:55:42,0.096
11/21/2020,19:55:43,0.094
11/21/2020,19:55:44,0.088
11/21/2020,19:55:45,0.085
11/21/2020,19:55:46,0.093
11/21/2020,19:55:47,0.102
11/21/2020,19:55:48,0.08
11/21/2020,19:55:49,0.109
11/21/2020,19:55:50,0.08
11/21/2020,19:55:51,0.08
11/21/2020,19:55:52,0.088
11/21/2020,19:55:53,0.072
11/21/2020,19:55:54,0.114
11/21/2020,19:55:55,0.067
11/21/2020,19:55:56,0.084
11/21/2020,19:55:57,0.07
11/21/2020,19:55:58,0.098
11/21/2020,19:55:59,0.081
11/21/2020,19:56:00,0.089
11/21/2020,19:56:01,0.076
11/21/2020,19:56:02,0.099
11/21/2020,19:56:03,0.09

Instrument Name:,SidePak Aerosol Monitor
Model Number:,AM520
Serial Number:,5201704010
Test Name:,Test 33
Start Date:,11/21/2020
Start Time:,08:55:03
Duration (dd:hh:mm:ss):,00:00:01:00
Log Interval (mm:ss):,00:01
Number of points:,60
Description:,

Statistics Channel: ,Aerosol
,Units:,mg/m³
,Average:,0.091
,Minimum:,0.067
,Time of Minimum:,08:55:57
,Date of Minimum:,11/21/2020
,Maximum:,0.141
,Time of Maximum:,08:55:10
,Date of Maximum:,11/21/2020

,TWA:,N/A

Calibration Sensor: ,Aerosol
,Cal factor:,1
,Cal date:,11/03/2020
,Cal name:,USER1 

Date,Time,Concentration
MM/dd/yyyy,HH:mm:ss,mg/m³
11/21/2020,20:55:04,0.081
11/21/2020,20:55:05,0.081
11/21/2020,20:55:06,0.136
11/21/2020,20:55:07,0.099
11/21/2020,20:55:08,0.096
11/21/2020,20:55:09,0.086
11/21/2020,20:55:10,0.141
11/21/2020,20:55:11,0.086
11/21/2020,20:55:12,0.095
11/21/2020,20:55:13,0.079
11/21/2020,20:55:14,0.108
11/21/2020,20:55:15,0.094
11/21/2020,20:55:16,0.112
11/21/2020,20:55:17,0.099
11/21/2020,20:55:18,0.103
11/21/2020,20:55:19,0.09
11/21/2020,20:55:20,0.114
11/21/2020,20:55:21,0.098
11/21/2020,20:55:22,0.103
11/21/2020,20:55:23,0.097
11/21/2020,20:55:24,0.09
11/21/2020,20:55:25,0.093
11/21/2020,20:55:26,0.09
11/21/2020,20:55:27,0.094
11/21/2020,20:55:28,0.096
11/21/2020,20:55:29,0.082
11/21/2020,20:55:30,0.084
11/21/2020,20:55:31,0.088
11/21/2020,20:55:32,0.08
11/21/2020,20:55:33,0.093
11/21/2020,20:55:34,0.076
11/21/2020,20:55:35,0.093
11/21/2020,20:55:36,0.114
11/21/2020,20:55:37,0.087
11/21/2020,20:55:38,0.078
11/21/2020,20:55:39,0.069
11/21/2020,20:55:40,0.099
11/21/2020,20:55:41,0.087
11/21/2020,20:55:42,0.078
11/21/2020,20:55:43,0.086
11/21/2020,20:55:44,0.085
11/21/2020,20:55:45,0.088
11/21/2020,20:55:46,0.07
11/21/2020,20:55:47,0.09
11/21/2020,20:55:48,0.073
11/21/2020,20:55:49,0.082
11/21/2020,20:55:50,0.097
11/21/2020,20:55:51,0.072
11/21/2020,20:55:52,0.076
11/21/2020,20:55:53,0.092
11/21/2020,20:55:54,0.078
11/21/2020,20:55:55,0.123
11/21/2020,20:55:56,0.076
11/21/2020,20:55:57,0.067
11/21/2020,20:55:58,0.09
11/21/2020,20:55:59,0.081
11/21/2020,20:56:00,0.081
11/21/2020,20:56:01,0.101
11/21/2020,20:56:02,0.091
11/21/2020,20:56:03,0.081

Instrument Name:,SidePak Aerosol Monitor
Model Number:,AM520
Serial Number:,5201704010
Test Name:,Test 34
Start Date:,11/21/2020
Start Time:,09:55:03
Duration (dd:hh:mm:ss):,00:00:01:00
Log Interval (mm:ss):,00:01
Number of points:,60
Description:,

Statistics Channel: ,Aerosol
,Units:,mg/m³
,Average:,0.086
,Minimum:,0.063
,Time of Minimum:,09:55:43
,Date of Minimum:,11/21/2020
,Maximum:,0.14
,Time of Maximum:,09:55:44
,Date of Maximum:,11/21/2020

,TWA:,N/A

Calibration Sensor: ,Aerosol
,Cal factor:,1
,Cal date:,11/03/2020
,Cal name:,USER1 

Date,Time,Concentration
MM/dd/yyyy,HH:mm:ss,mg/m³
11/21/2020,21:55:04,0.102
11/21/2020,21:55:05,0.088
11/21/2020,21:55:06,0.109
11/21/2020,21:55:07,0.097
11/21/2020,21:55:08,0.081
11/21/2020,21:55:09,0.106
11/21/2020,21:55:10,0.073
11/21/2020,21:55:11,0.081
11/21/2020,21:55:12,0.087
11/21/2020,21:55:13,0.088
11/21/2020,21:55:14,0.072
11/21/2020,21:55:15,0.089
11/21/2020,21:55:16,0.075
11/21/2020,21:55:17,0.066
11/21/2020,21:55:18,0.086
11/21/2020,21:55:19,0.067
11/21/2020,21:55:20,0.078
11/21/2020,21:55:21,0.091
11/21/2020,21:55:22,0.096
11/21/2020,21:55:23,0.08
11/21/2020,21:55:24,0.079
11/21/2020,21:55:25,0.083
11/21/2020,21:55:26,0.079
11/21/2020,21:55:27,0.094
11/21/2020,21:55:28,0.086
11/21/2020,21:55:29,0.091
11/21/2020,21:55:30,0.106
11/21/2020,21:55:31,0.074
11/21/2020,21:55:32,0.087
11/21/2020,21:55:33,0.096
11/21/2020,21:55:34,0.095
11/21/2020,21:55:35,0.072
11/21/2020,21:55:36,0.077
11/21/2020,21:55:37,0.076
11/21/2020,21:55:38,0.088
11/21/2020,21:55:39,0.091
11/21/2020,21:55:40,0.074
11/21/2020,21:55:41,0.079
11/21/2020,21:55:42,0.085
11/21/2020,21:55:43,0.063
11/21/2020,21:55:44,0.14
11/21/2020,21:55:45,0.124
11/21/2020,21:55:46,0.074
11/21/2020,21:55:47,0.088
11/21/2020,21:55:48,0.078
11/21/2020,21:55:49,0.07
11/21/2020,21:55:50,0.072
11/21/2020,21:55:51,0.082
11/21/2020,21:55:52,0.103
11/21/2020,21:55:53,0.101
11/21/2020,21:55:54,0.079
11/21/2020,21:55:55,0.085
11/21/2020,21:55:56,0.091
11/21/2020,21:55:57,0.102
11/21/2020,21:55:58,0.088
11/21/2020,21:55:59,0.088
11/21/2020,21:56:00,0.083
11/21/2020,21:56:01,0.081
11/21/2020,21:56:02,0.077
11/21/2020,21:56:03,0.093

Instrument Name:,SidePak Aerosol Monitor
Model Number:,AM520
Serial Number:,5201704010
Test Name:,Test 35
Start Date:,11/21/2020
Start Time:,10:55:03
Duration (dd:hh:mm:ss):,00:00:01:00
Log Interval (mm:ss):,00:01
Number of points:,60
Description:,

Statistics Channel: ,Aerosol
,Units:,mg/m³
,Average:,0.093
,Minimum:,0.074
,Time of Minimum:,10:55:18
,Date of Minimum:,11/21/2020
,Maximum:,0.126
,Time of Maximum:,10:55:41
,Date of Maximum:,11/21/2020

,TWA:,N/A

Calibration Sensor: ,Aerosol
,Cal factor:,1
,Cal date:,11/03/2020
,Cal name:,USER1 

Date,Time,Concentration
MM/dd/yyyy,HH:mm:ss,mg/m³
11/21/2020,22:55:04,0.089
11/21/2020,22:55:05,0.092
11/21/2020,22:55:06,0.095
11/21/2020,22:55:07,0.093
11/21/2020,22:55:08,0.1
11/21/2020,22:55:09,0.091
11/21/2020,22:55:10,0.084
11/21/2020,22:55:11,0.081
11/21/2020,22:55:12,0.087
11/21/2020,22:55:13,0.082
11/21/2020,22:55:14,0.082
11/21/2020,22:55:15,0.094
11/21/2020,22:55:16,0.091
11/21/2020,22:55:17,0.078
11/21/2020,22:55:18,0.074
11/21/2020,22:55:19,0.078
11/21/2020,22:55:20,0.096
11/21/2020,22:55:21,0.077
11/21/2020,22:55:22,0.083
11/21/2020,22:55:23,0.084
11/21/2020,22:55:24,0.094
11/21/2020,22:55:25,0.092
11/21/2020,22:55:26,0.09
11/21/2020,22:55:27,0.104
11/21/2020,22:55:28,0.091
11/21/2020,22:55:29,0.088
11/21/2020,22:55:30,0.078
11/21/2020,22:55:31,0.105
11/21/2020,22:55:32,0.077
11/21/2020,22:55:33,0.095
11/21/2020,22:55:34,0.105
11/21/2020,22:55:35,0.097
11/21/2020,22:55:36,0.085
11/21/2020,22:55:37,0.094
11/21/2020,22:55:38,0.086
11/21/2020,22:55:39,0.103
11/21/2020,22:55:40,0.083
11/21/2020,22:55:41,0.126
11/21/2020,22:55:42,0.092
11/21/2020,22:55:43,0.091
11/21/2020,22:55:44,0.085
11/21/2020,22:55:45,0.095
11/21/2020,22:55:46,0.11
11/21/2020,22:55:47,0.097
11/21/2020,22:55:48,0.096
11/21/2020,22:55:49,0.095
11/21/2020,22:55:50,0.095
11/21/2020,22:55:51,0.101
11/21/2020,22:55:52,0.114
11/21/2020,22:55:53,0.087
11/21/2020,22:55:54,0.122
11/21/2020,22:55:55,0.086
11/21/2020,22:55:56,0.105
11/21/2020,22:55:57,0.085
11/21/2020,22:55:58,0.082
11/21/2020,22:55:59,0.102
11/21/2020,22:56:00,0.091
11/21/2020,22:56:01,0.095
11/21/2020,22:56:02,0.096
11/21/2020,22:56:03,0.109

Instrument Name:,SidePak Aerosol Monitor
Model Number:,AM520
Serial Number:,5201704010
Test Name:,Test 36
Start Date:,11/21/2020
Start Time:,11:55:03
Duration (dd:hh:mm:ss):,00:00:01:00
Log Interval (mm:ss):,00:01
Number of points:,60
Description:,

Statistics Channel: ,Aerosol
,Units:,mg/m³
,Average:,0.079
,Minimum:,0.061
,Time of Minimum:,11:55:51
,Date of Minimum:,11/21/2020
,Maximum:,0.115
,Time of Maximum:,11:55:32
,Date of Maximum:,11/21/2020

,TWA:,N/A

Calibration Sensor: ,Aerosol
,Cal factor:,1
,Cal date:,11/03/2020
,Cal name:,USER1 

Date,Time,Concentration
MM/dd/yyyy,HH:mm:ss,mg/m³
11/21/2020,23:55:04,0.074
11/21/2020,23:55:05,0.067
11/21/2020,23:55:06,0.085
11/21/2020,23:55:07,0.066
11/21/2020,23:55:08,0.075
11/21/2020,23:55:09,0.077
11/21/2020,23:55:10,0.097
11/21/2020,23:55:11,0.078
11/21/2020,23:55:12,0.068
11/21/2020,23:55:13,0.064
11/21/2020,23:55:14,0.068
11/21/2020,23:55:15,0.076
11/21/2020,23:55:16,0.071
11/21/2020,23:55:17,0.081
11/21/2020,23:55:18,0.075
11/21/2020,23:55:19,0.088
11/21/2020,23:55:20,0.068
11/21/2020,23:55:21,0.078
11/21/2020,23:55:22,0.077
11/21/2020,23:55:23,0.072
11/21/2020,23:55:24,0.082
11/21/2020,23:55:25,0.074
11/21/2020,23:55:26,0.083
11/21/2020,23:55:27,0.087
11/21/2020,23:55:28,0.083
11/21/2020,23:55:29,0.079
11/21/2020,23:55:30,0.065
11/21/2020,23:55:31,0.077
11/21/2020,23:55:32,0.115
11/21/2020,23:55:33,0.093
11/21/2020,23:55:34,0.08
11/21/2020,23:55:35,0.085
11/21/2020,23:55:36,0.075
11/21/2020,23:55:37,0.078
11/21/2020,23:55:38,0.072
11/21/2020,23:55:39,0.102
11/21/2020,23:55:40,0.112
11/21/2020,23:55:41,0.074
11/21/2020,23:55:42,0.081
11/21/2020,23:55:43,0.064
11/21/2020,23:55:44,0.077
11/21/2020,23:55:45,0.097
11/21/2020,23:55:46,0.086
11/21/2020,23:55:47,0.097
11/21/2020,23:55:48,0.076
11/21/2020,23:55:49,0.069
11/21/2020,23:55:50,0.077
11/21/2020,23:55:51,0.061
11/21/2020,23:55:52,0.076
11/21/2020,23:55:53,0.078
11/21/2020,23:55:54,0.071
11/21/2020,23:55:55,0.083
11/21/2020,23:55:56,0.075
11/21/2020,23:55:57,0.068
11/21/2020,23:55:58,0.068
11/21/2020,23:55:59,0.072
11/21/2020,23:56:00,0.081
11/21/2020,23:56:01,0.105
11/21/2020,23:56:02,0.091
11/21/2020,23:56:03,0.087

Instrument Name:,SidePak Aerosol Monitor
Model Number:,AM520
Serial Number:,5201704010
Test Name:,Test 37
Start Date:,11/22/2020
Start Time:,12:55:03
Duration (dd:hh:mm:ss):,00:00:01:00
Log Interval (mm:ss):,00:01
Number of points:,60
Description:,

Statistics Channel: ,Aerosol
,Units:,mg/m³
,Average:,0.085
,Minimum:,0.066
,Time of Minimum:,12:55:57
,Date of Minimum:,11/22/2020
,Maximum:,0.12
,Time of Maximum:,12:55:58
,Date of Maximum:,11/22/2020

,TWA:,N/A

Calibration Sensor: ,Aerosol
,Cal factor:,1
,Cal date:,11/03/2020
,Cal name:,USER1 

Date,Time,Concentration
MM/dd/yyyy,HH:mm:ss,mg/m³
11/22/2020,00:55:04,0.087
11/22/2020,00:55:05,0.099
11/22/2020,00:55:06,0.088
11/22/2020,00:55:07,0.078
11/22/2020,00:55:08,0.081
11/22/2020,00:55:09,0.073
11/22/2020,00:55:10,0.086
11/22/2020,00:55:11,0.091
11/22/2020,00:55:12,0.091
11/22/2020,00:55:13,0.084
11/22/2020,00:55:14,0.107
11/22/2020,00:55:15,0.094
11/22/2020,00:55:16,0.093
11/22/2020,00:55:17,0.089
11/22/2020,00:55:18,0.112
11/22/2020,00:55:19,0.082
11/22/2020,00:55:20,0.086
11/22/2020,00:55:21,0.102
11/22/2020,00:55:22,0.078
11/22/2020,00:55:23,0.086
11/22/2020,00:55:24,0.094
11/22/2020,00:55:25,0.077
11/22/2020,00:55:26,0.086
11/22/2020,00:55:27,0.069
11/22/2020,00:55:28,0.07
11/22/2020,00:55:29,0.071
11/22/2020,00:55:30,0.08
11/22/2020,00:55:31,0.069
11/22/2020,00:55:32,0.076
11/22/2020,00:55:33,0.072
11/22/2020,00:55:34,0.083
11/22/2020,00:55:35,0.086
11/22/2020,00:55:36,0.08
11/22/2020,00:55:37,0.094
11/22/2020,00:55:38,0.097
11/22/2020,00:55:39,0.097
11/22/2020,00:55:40,0.099
11/22/2020,00:55:41,0.107
11/22/2020,00:55:42,0.098
11/22/2020,00:55:43,0.087
11/22/2020,00:55:44,0.087
11/22/2020,00:55:45,0.091
11/22/2020,00:55:46,0.086
11/22/2020,00:55:47,0.081
11/22/2020,00:55:48,0.079
11/22/2020,00:55:49,0.093
11/22/2020,00:55:50,0.075
11/22/2020,00:55:51,0.068
11/22/2020,00:55:52,0.072
11/22/2020,00:55:53,0.071
11/22/2020,00:55:54,0.077
11/22/2020,00:55:55,0.071
11/22/2020,00:55:56,0.089
11/22/2020,00:55:57,0.066
11/22/2020,00:55:58,0.12
11/22/2020,00:55:59,0.085
11/22/2020,00:56:00,0.072
11/22/2020,00:56:01,0.078
11/22/2020,00:56:02,0.078
11/22/2020,00:56:03,0.088

Instrument Name:,SidePak Aerosol Monitor
Model Number:,AM520
Serial Number:,5201704010
Test Name:,Test 38
Start Date:,11/22/2020
Start Time:,01:55:04
Duration (dd:hh:mm:ss):,00:00:01:00
Log Interval (mm:ss):,00:01
Number of points:,60
Description:,

Statistics Channel: ,Aerosol
,Units:,mg/m³
,Average:,0.088
,Minimum:,0.068
,Time of Minimum:,01:55:10
,Date of Minimum:,11/22/2020
,Maximum:,0.144
,Time of Maximum:,01:55:20
,Date of Maximum:,11/22/2020

,TWA:,N/A

Calibration Sensor: ,Aerosol
,Cal factor:,1
,Cal date:,11/03/2020
,Cal name:,USER1 

Date,Time,Concentration
MM/dd/yyyy,HH:mm:ss,mg/m³
11/22/2020,01:55:05,0.082
11/22/2020,01:55:06,0.084
11/22/2020,01:55:07,0.084
11/22/2020,01:55:08,0.123
11/22/2020,01:55:09,0.071
11/22/2020,01:55:10,0.068
11/22/2020,01:55:11,0.078
11/22/2020,01:55:12,0.078
11/22/2020,01:55:13,0.084
11/22/2020,01:55:14,0.084
11/22/2020,01:55:15,0.083
11/22/2020,01:55:16,0.082
11/22/2020,01:55:17,0.097
11/22/2020,01:55:18,0.089
11/22/2020,01:55:19,0.096
11/22/2020,01:55:20,0.144
11/22/2020,01:55:21,0.08
11/22/2020,01:55:22,0.092
11/22/2020,01:55:23,0.098
11/22/2020,01:55:24,0.104
11/22/2020,01:55:25,0.095
11/22/2020,01:55:26,0.11
11/22/2020,01:55:27,0.092
11/22/2020,01:55:28,0.099
11/22/2020,01:55:29,0.087
11/22/2020,01:55:30,0.089
11/22/2020,01:55:31,0.081
11/22/2020,01:55:32,0.101
11/22/2020,01:55:33,0.096
11/22/2020,01:55:34,0.095
11/22/2020,01:55:35,0.096
11/22/2020,01:55:36,0.079
11/22/2020,01:55:37,0.09
11/22/2020,01:55:38,0.084
11/22/2020,01:55:39,0.092
11/22/2020,01:55:40,0.079
11/22/2020,01:55:41,0.097
11/22/2020,01:55:42,0.082
11/22/2020,01:55:43,0.085
11/22/2020,01:55:44,0.074
11/22/2020,01:55:45,0.08
11/22/2020,01:55:46,0.096
11/22/2020,01:55:47,0.111
11/22/2020,01:55:48,0.091
11/22/2020,01:55:49,0.077
11/22/2020,01:55:50,0.083
11/22/2020,01:55:51,0.073
11/22/2020,01:55:52,0.081
11/22/2020,01:55:53,0.077
11/22/2020,01:55:54,0.103
11/22/2020,01:55:55,0.078
11/22/2020,01:55:56,0.076
11/22/2020,01:55:57,0.075
11/22/2020,01:55:58,0.082
11/22/2020,01:55:59,0.074
11/22/2020,01:56:00,0.072
11/22/2020,01:56:01,0.071
11/22/2020,01:56:02,0.1
11/22/2020,01:56:03,0.073
11/22/2020,01:56:04,0.096

Instrument Name:,SidePak Aerosol Monitor
Model Number:,AM520
Serial Number:,5201704010
Test Name:,Test 39
Start Date:,11/22/2020
Start Time:,02:55:04
Duration (dd:hh:mm:ss):,00:00:01:00
Log Interval (mm:ss):,00:01
Number of points:,60
Description:,

Statistics Channel: ,Aerosol
,Units:,mg/m³
,Average:,0.136
,Minimum:,0.1
,Time of Minimum:,02:55:39
,Date of Minimum:,11/22/2020
,Maximum:,0.201
,Time of Maximum:,02:55:47
,Date of Maximum:,11/22/2020

,TWA:,N/A

Calibration Sensor: ,Aerosol
,Cal factor:,1
,Cal date:,11/03/2020
,Cal name:,USER1 

Date,Time,Concentration
MM/dd/yyyy,HH:mm:ss,mg/m³
11/22/2020,02:55:05,0.174
11/22/2020,02:55:06,0.167
11/22/2020,02:55:07,0.166
11/22/2020,02:55:08,0.121
11/22/2020,02:55:09,0.119
11/22/2020,02:55:10,0.127
11/22/2020,02:55:11,0.126
11/22/2020,02:55:12,0.119
11/22/2020,02:55:13,0.119
11/22/2020,02:55:14,0.126
11/22/2020,02:55:15,0.136
11/22/2020,02:55:16,0.133
11/22/2020,02:55:17,0.121
11/22/2020,02:55:18,0.131
11/22/2020,02:55:19,0.131
11/22/2020,02:55:20,0.111
11/22/2020,02:55:21,0.128
11/22/2020,02:55:22,0.18
11/22/2020,02:55:23,0.129
11/22/2020,02:55:24,0.139
11/22/2020,02:55:25,0.114
11/22/2020,02:55:26,0.116
11/22/2020,02:55:27,0.112
11/22/2020,02:55:28,0.115
11/22/2020,02:55:29,0.106
11/22/2020,02:55:30,0.123
11/22/2020,02:55:31,0.11
11/22/2020,02:55:32,0.118
11/22/2020,02:55:33,0.155
11/22/2020,02:55:34,0.104
11/22/2020,02:55:35,0.114
11/22/2020,02:55:36,0.129
11/22/2020,02:55:37,0.121
11/22/2020,02:55:38,0.1
11/22/2020,02:55:39,0.1
11/22/2020,02:55:40,0.136
11/22/2020,02:55:41,0.113
11/22/2020,02:55:42,0.124
11/22/2020,02:55:43,0.129
11/22/2020,02:55:44,0.157
11/22/2020,02:55:45,0.144
11/22/2020,02:55:46,0.161
11/22/2020,02:55:47,0.201
11/22/2020,02:55:48,0.174
11/22/2020,02:55:49,0.144
11/22/2020,02:55:50,0.132
11/22/2020,02:55:51,0.153
11/22/2020,02:55:52,0.2
11/22/2020,02:55:53,0.142
11/22/2020,02:55:54,0.125
11/22/2020,02:55:55,0.133
11/22/2020,02:55:56,0.146
11/22/2020,02:55:57,0.134
11/22/2020,02:55:58,0.129
11/22/2020,02:55:59,0.133
11/22/2020,02:56:00,0.183
11/22/2020,02:56:01,0.163
11/22/2020,02:56:02,0.163
11/22/2020,02:56:03,0.14
11/22/2020,02:56:04,0.15

Instrument Name:,SidePak Aerosol Monitor
Model Number:,AM520
Serial Number:,5201704010
Test Name:,Test 40
Start Date:,11/22/2020
Start Time:,03:55:04
Duration (dd:hh:mm:ss):,00:00:01:00
Log Interval (mm:ss):,00:01
Number of points:,60
Description:,

Statistics Channel: ,Aerosol
,Units:,mg/m³
,Average:,0.147
,Minimum:,0.107
,Time of Minimum:,03:55:49
,Date of Minimum:,11/22/2020
,Maximum:,0.183
,Time of Maximum:,03:55:53
,Date of Maximum:,11/22/2020

,TWA:,N/A

Calibration Sensor: ,Aerosol
,Cal factor:,1
,Cal date:,11/03/2020
,Cal name:,USER1 

Date,Time,Concentration
MM/dd/yyyy,HH:mm:ss,mg/m³
11/22/2020,03:55:05,0.156
11/22/2020,03:55:06,0.179
11/22/2020,03:55:07,0.161
11/22/2020,03:55:08,0.183
11/22/2020,03:55:09,0.179
11/22/2020,03:55:10,0.162
11/22/2020,03:55:11,0.147
11/22/2020,03:55:12,0.163
11/22/2020,03:55:13,0.157
11/22/2020,03:55:14,0.147
11/22/2020,03:55:15,0.146
11/22/2020,03:55:16,0.152
11/22/2020,03:55:17,0.149
11/22/2020,03:55:18,0.16
11/22/2020,03:55:19,0.168
11/22/2020,03:55:20,0.127
11/22/2020,03:55:21,0.139
11/22/2020,03:55:22,0.121
11/22/2020,03:55:23,0.121
11/22/2020,03:55:24,0.142
11/22/2020,03:55:25,0.145
11/22/2020,03:55:26,0.133
11/22/2020,03:55:27,0.165
11/22/2020,03:55:28,0.137
11/22/2020,03:55:29,0.135
11/22/2020,03:55:30,0.146
11/22/2020,03:55:31,0.147
11/22/2020,03:55:32,0.156
11/22/2020,03:55:33,0.156
11/22/2020,03:55:34,0.137
11/22/2020,03:55:35,0.14
11/22/2020,03:55:36,0.146
11/22/2020,03:55:37,0.139
11/22/2020,03:55:38,0.121
11/22/2020,03:55:39,0.139
11/22/2020,03:55:40,0.132
11/22/2020,03:55:41,0.139
11/22/2020,03:55:42,0.143
11/22/2020,03:55:43,0.137
11/22/2020,03:55:44,0.118
11/22/2020,03:55:45,0.124
11/22/2020,03:55:46,0.144
11/22/2020,03:55:47,0.119
11/22/2020,03:55:48,0.128
11/22/2020,03:55:49,0.107
11/22/2020,03:55:50,0.13
11/22/2020,03:55:51,0.132
11/22/2020,03:55:52,0.132
11/22/2020,03:55:53,0.183
11/22/2020,03:55:54,0.152
11/22/2020,03:55:55,0.14
11/22/2020,03:55:56,0.134
11/22/2020,03:55:57,0.153
11/22/2020,03:55:58,0.162
11/22/2020,03:55:59,0.182
11/22/2020,03:56:00,0.168
11/22/2020,03:56:01,0.158
11/22/2020,03:56:02,0.163
11/22/2020,03:56:03,0.158
11/22/2020,03:56:04,0.151

Instrument Name:,SidePak Aerosol Monitor
Model Number:,AM520
Serial Number:,5201704010
Test Name:,Test 41
Start Date:,11/22/2020
Start Time:,04:55:04
Duration (dd:hh:mm:ss):,00:00:01:00
Log Interval (mm:ss):,00:01
Number of points:,60
Description:,

Statistics Channel: ,Aerosol
,Units:,mg/m³
,Average:,0.104
,Minimum:,0.08
,Time of Minimum:,04:56:02
,Date of Minimum:,11/22/2020
,Maximum:,0.153
,Time of Maximum:,04:55:51
,Date of Maximum:,11/22/2020

,TWA:,N/A

Calibration Sensor: ,Aerosol
,Cal factor:,1
,Cal date:,11/03/2020
,Cal name:,USER1 

Date,Time,Concentration
MM/dd/yyyy,HH:mm:ss,mg/m³
11/22/2020,04:55:05,0.108
11/22/2020,04:55:06,0.098
11/22/2020,04:55:07,0.091
11/22/2020,04:55:08,0.097
11/22/2020,04:55:09,0.103
11/22/2020,04:55:10,0.096
11/22/2020,04:55:11,0.101
11/22/2020,04:55:12,0.133
11/22/2020,04:55:13,0.106
11/22/2020,04:55:14,0.112
11/22/2020,04:55:15,0.097
11/22/2020,04:55:16,0.095
11/22/2020,04:55:17,0.091
11/22/2020,04:55:18,0.1
11/22/2020,04:55:19,0.11
11/22/2020,04:55:20,0.095
11/22/2020,04:55:21,0.107
11/22/2020,04:55:22,0.11
11/22/2020,04:55:23,0.127
11/22/2020,04:55:24,0.105
11/22/2020,04:55:25,0.105
11/22/2020,04:55:26,0.098
11/22/2020,04:55:27,0.118
11/22/2020,04:55:28,0.113
11/22/2020,04:55:29,0.113
11/22/2020,04:55:30,0.096
11/22/2020,04:55:31,0.116
11/22/2020,04:55:32,0.103
11/22/2020,04:55:33,0.085
11/22/2020,04:55:34,0.092
11/22/2020,04:55:35,0.115
11/22/2020,04:55:36,0.106
11/22/2020,04:55:37,0.102
11/22/2020,04:55:38,0.087
11/22/2020,04:55:39,0.101
11/22/2020,04:55:40,0.093
11/22/2020,04:55:41,0.096
11/22/2020,04:55:42,0.107
11/22/2020,04:55:43,0.092
11/22/2020,04:55:44,0.09
11/22/2020,04:55:45,0.105
11/22/2020,04:55:46,0.094
11/22/2020,04:55:47,0.101
11/22/2020,04:55:48,0.117
11/22/2020,04:55:49,0.109
11/22/2020,04:55:50,0.119
11/22/2020,04:55:51,0.153
11/22/2020,04:55:52,0.117
11/22/2020,04:55:53,0.116
11/22/2020,04:55:54,0.101
11/22/2020,04:55:55,0.097
11/22/2020,04:55:56,0.094
11/22/2020,04:55:57,0.094
11/22/2020,04:55:58,0.101
11/22/2020,04:55:59,0.097
11/22/2020,04:56:00,0.106
11/22/2020,04:56:01,0.098
11/22/2020,04:56:02,0.08
11/22/2020,04:56:03,0.101
11/22/2020,04:56:04,0.117

Instrument Name:,SidePak Aerosol Monitor
Model Number:,AM520
Serial Number:,5201704010
Test Name:,Test 42
Start Date:,11/22/2020
Start Time:,05:55:04
Duration (dd:hh:mm:ss):,00:00:01:00
Log Interval (mm:ss):,00:01
Number of points:,60
Description:,

Statistics Channel: ,Aerosol
,Units:,mg/m³
,Average:,0.075
,Minimum:,0.055
,Time of Minimum:,05:56:02
,Date of Minimum:,11/22/2020
,Maximum:,0.132
,Time of Maximum:,05:55:13
,Date of Maximum:,11/22/2020

,TWA:,N/A

Calibration Sensor: ,Aerosol
,Cal factor:,1
,Cal date:,11/03/2020
,Cal name:,USER1 

Date,Time,Concentration
MM/dd/yyyy,HH:mm:ss,mg/m³
11/22/2020,05:55:05,0.071
11/22/2020,05:55:06,0.065
11/22/2020,05:55:07,0.067
11/22/2020,05:55:08,0.065
11/22/2020,05:55:09,0.062
11/22/2020,05:55:10,0.076
11/22/2020,05:55:11,0.073
11/22/2020,05:55:12,0.104
11/22/2020,05:55:13,0.132
11/22/2020,05:55:14,0.096
11/22/2020,05:55:15,0.091
11/22/2020,05:55:16,0.082
11/22/2020,05:55:17,0.073
11/22/2020,05:55:18,0.083
11/22/2020,05:55:19,0.073
11/22/2020,05:55:20,0.068
11/22/2020,05:55:21,0.079
11/22/2020,05:55:22,0.065
11/22/2020,05:55:23,0.076
11/22/2020,05:55:24,0.075
11/22/2020,05:55:25,0.066
11/22/2020,05:55:26,0.073
11/22/2020,05:55:27,0.064
11/22/2020,05:55:28,0.06
11/22/2020,05:55:29,0.067
11/22/2020,05:55:30,0.081
11/22/2020,05:55:31,0.077
11/22/2020,05:55:32,0.063
11/22/2020,05:55:33,0.084
11/22/2020,05:55:34,0.066
11/22/2020,05:55:35,0.08
11/22/2020,05:55:36,0.08
11/22/2020,05:55:37,0.076
11/22/2020,05:55:38,0.087
11/22/2020,05:55:39,0.077
11/22/2020,05:55:40,0.083
11/22/2020,05:55:41,0.065
11/22/2020,05:55:42,0.065
11/22/2020,05:55:43,0.094
11/22/2020,05:55:44,0.063
11/22/2020,05:55:45,0.066
11/22/2020,05:55:46,0.055
11/22/2020,05:55:47,0.077
11/22/2020,05:55:48,0.086
11/22/2020,05:55:49,0.09
11/22/2020,05:55:50,0.067
11/22/2020,05:55:51,0.079
11/22/2020,05:55:52,0.074
11/22/2020,05:55:53,0.087
11/22/2020,05:55:54,0.082
11/22/2020,05:55:55,0.1
11/22/2020,05:55:56,0.07
11/22/2020,05:55:57,0.07
11/22/2020,05:55:58,0.065
11/22/2020,05:55:59,0.082
11/22/2020,05:56:00,0.059
11/22/2020,05:56:01,0.066
11/22/2020,05:56:02,0.055
11/22/2020,05:56:03,0.066
11/22/2020,05:56:04,0.073

Instrument Name:,SidePak Aerosol Monitor
Model Number:,AM520
Serial Number:,5201704010
Test Name:,Test 43
Start Date:,11/22/2020
Start Time:,06:55:04
Duration (dd:hh:mm:ss):,00:00:01:00
Log Interval (mm:ss):,00:01
Number of points:,60
Description:,

Statistics Channel: ,Aerosol
,Units:,mg/m³
,Average:,0.058
,Minimum:,0.044
,Time of Minimum:,06:55:45
,Date of Minimum:,11/22/2020
,Maximum:,0.081
,Time of Maximum:,06:55:40
,Date of Maximum:,11/22/2020

,TWA:,N/A

Calibration Sensor: ,Aerosol
,Cal factor:,1
,Cal date:,11/03/2020
,Cal name:,USER1 

Date,Time,Concentration
MM/dd/yyyy,HH:mm:ss,mg/m³
11/22/2020,06:55:05,0.05
11/22/2020,06:55:06,0.045
11/22/2020,06:55:07,0.045
11/22/2020,06:55:08,0.047
11/22/2020,06:55:09,0.055
11/22/2020,06:55:10,0.05
11/22/2020,06:55:11,0.048
11/22/2020,06:55:12,0.059
11/22/2020,06:55:13,0.049
11/22/2020,06:55:14,0.053
11/22/2020,06:55:15,0.046
11/22/2020,06:55:16,0.048
11/22/2020,06:55:17,0.05
11/22/2020,06:55:18,0.068
11/22/2020,06:55:19,0.05
11/22/2020,06:55:20,0.048
11/22/2020,06:55:21,0.049
11/22/2020,06:55:22,0.064
11/22/2020,06:55:23,0.072
11/22/2020,06:55:24,0.052
11/22/2020,06:55:25,0.065
11/22/2020,06:55:26,0.081
11/22/2020,06:55:27,0.064
11/22/2020,06:55:28,0.081
11/22/2020,06:55:29,0.064
11/22/2020,06:55:30,0.074
11/22/2020,06:55:31,0.066
11/22/2020,06:55:32,0.066
11/22/2020,06:55:33,0.069
11/22/2020,06:55:34,0.067
11/22/2020,06:55:35,0.068
11/22/2020,06:55:36,0.068
11/22/2020,06:55:37,0.065
11/22/2020,06:55:38,0.06
11/22/2020,06:55:39,0.076
11/22/2020,06:55:40,0.081
11/22/2020,06:55:41,0.058
11/22/2020,06:55:42,0.053
11/22/2020,06:55:43,0.055
11/22/2020,06:55:44,0.053
11/22/2020,06:55:45,0.044
11/22/2020,06:55:46,0.048
11/22/2020,06:55:47,0.062
11/22/2020,06:55:48,0.053
11/22/2020,06:55:49,0.053
11/22/2020,06:55:50,0.059
11/22/2020,06:55:51,0.05
11/22/2020,06:55:52,0.045
11/22/2020,06:55:53,0.061
11/22/2020,06:55:54,0.06
11/22/2020,06:55:55,0.062
11/22/2020,06:55:56,0.05
11/22/2020,06:55:57,0.05
11/22/2020,06:55:58,0.06
11/22/2020,06:55:59,0.057
11/22/2020,06:56:00,0.065
11/22/2020,06:56:01,0.05
11/22/2020,06:56:02,0.063
11/22/2020,06:56:03,0.053
11/22/2020,06:56:04,0.056

Instrument Name:,SidePak Aerosol Monitor
Model Number:,AM520
Serial Number:,5201704010
Test Name:,Test 44
Start Date:,11/22/2020
Start Time:,07:55:04
Duration (dd:hh:mm:ss):,00:00:01:00
Log Interval (mm:ss):,00:01
Number of points:,60
Description:,

Statistics Channel: ,Aerosol
,Units:,mg/m³
,Average:,0.063
,Minimum:,0.045
,Time of Minimum:,07:55:20
,Date of Minimum:,11/22/2020
,Maximum:,0.147
,Time of Maximum:,07:55:25
,Date of Maximum:,11/22/2020

,TWA:,N/A

Calibration Sensor: ,Aerosol
,Cal factor:,1
,Cal date:,11/03/2020
,Cal name:,USER1 

Date,Time,Concentration
MM/dd/yyyy,HH:mm:ss,mg/m³
11/22/2020,07:55:05,0.067
11/22/2020,07:55:06,0.064
11/22/2020,07:55:07,0.062
11/22/2020,07:55:08,0.067
11/22/2020,07:55:09,0.066
11/22/2020,07:55:10,0.076
11/22/2020,07:55:11,0.067
11/22/2020,07:55:12,0.066
11/22/2020,07:55:13,0.068
11/22/2020,07:55:14,0.052
11/22/2020,07:55:15,0.055
11/22/2020,07:55:16,0.058
11/22/2020,07:55:17,0.049
11/22/2020,07:55:18,0.07
11/22/2020,07:55:19,0.062
11/22/2020,07:55:20,0.045
11/22/2020,07:55:21,0.05
11/22/2020,07:55:22,0.059
11/22/2020,07:55:23,0.058
11/22/2020,07:55:24,0.051
11/22/2020,07:55:25,0.147
11/22/2020,07:55:26,0.056
11/22/2020,07:55:27,0.063
11/22/2020,07:55:28,0.052
11/22/2020,07:55:29,0.093
11/22/2020,07:55:30,0.064
11/22/2020,07:55:31,0.06
11/22/2020,07:55:32,0.056
11/22/2020,07:55:33,0.08
11/22/2020,07:55:34,0.064
11/22/2020,07:55:35,0.059
11/22/2020,07:55:36,0.06
11/22/2020,07:55:37,0.068
11/22/2020,07:55:38,0.076
11/22/2020,07:55:39,0.059
11/22/2020,07:55:40,0.068
11/22/2020,07:55:41,0.078
11/22/2020,07:55:42,0.059
11/22/2020,07:55:43,0.072
11/22/2020,07:55:44,0.062
11/22/2020,07:55:45,0.066
11/22/2020,07:55:46,0.062
11/22/2020,07:55:47,0.072
11/22/2020,07:55:48,0.06
11/22/2020,07:55:49,0.057
11/22/2020,07:55:50,0.056
11/22/2020,07:55:51,0.06
11/22/2020,07:55:52,0.055
11/22/2020,07:55:53,0.063
11/22/2020,07:55:54,0.055
11/22/2020,07:55:55,0.056
11/22/2020,07:55:56,0.061
11/22/2020,07:55:57,0.059
11/22/2020,07:55:58,0.058
11/22/2020,07:55:59,0.061
11/22/2020,07:56:00,0.056
11/22/2020,07:56:01,0.052
11/22/2020,07:56:02,0.052
11/22/2020,07:56:03,0.047
11/22/2020,07:56:04,0.058

Instrument Name:,SidePak Aerosol Monitor
Model Number:,AM520
Serial Number:,5201704010
Test Name:,Test 45
Start Date:,11/22/2020
Start Time:,08:55:04
Duration (dd:hh:mm:ss):,00:00:01:00
Log Interval (mm:ss):,00:01
Number of points:,60
Description:,

Statistics Channel: ,Aerosol
,Units:,mg/m³
,Average:,0.062
,Minimum:,0.043
,Time of Minimum:,08:55:15
,Date of Minimum:,11/22/2020
,Maximum:,0.131
,Time of Maximum:,08:55:58
,Date of Maximum:,11/22/2020

,TWA:,N/A

Calibration Sensor: ,Aerosol
,Cal factor:,1
,Cal date:,11/03/2020
,Cal name:,USER1 

Date,Time,Concentration
MM/dd/yyyy,HH:mm:ss,mg/m³
11/22/2020,08:55:05,0.06
11/22/2020,08:55:06,0.051
11/22/2020,08:55:07,0.075
11/22/2020,08:55:08,0.054
11/22/2020,08:55:09,0.051
11/22/2020,08:55:10,0.049
11/22/2020,08:55:11,0.054
11/22/2020,08:55:12,0.058
11/22/2020,08:55:13,0.051
11/22/2020,08:55:14,0.053
11/22/2020,08:55:15,0.043
11/22/2020,08:55:16,0.047
11/22/2020,08:55:17,0.052
11/22/2020,08:55:18,0.061
11/22/2020,08:55:19,0.046
11/22/2020,08:55:20,0.049
11/22/2020,08:55:21,0.047
11/22/2020,08:55:22,0.05
11/22/2020,08:55:23,0.06
11/22/2020,08:55:24,0.053
11/22/2020,08:55:25,0.049
11/22/2020,08:55:26,0.048
11/22/2020,08:55:27,0.059
11/22/2020,08:55:28,0.058
11/22/2020,08:55:29,0.06
11/22/2020,08:55:30,0.06
11/22/2020,08:55:31,0.064
11/22/2020,08:55:32,0.061
11/22/2020,08:55:33,0.061
11/22/2020,08:55:34,0.066
11/22/2020,08:55:35,0.055
11/22/2020,08:55:36,0.069
11/22/2020,08:55:37,0.061
11/22/2020,08:55:38,0.062
11/22/2020,08:55:39,0.053
11/22/2020,08:55:40,0.069
11/22/2020,08:55:41,0.102
11/22/2020,08:55:42,0.065
11/22/2020,08:55:43,0.069
11/22/2020,08:55:44,0.054
11/22/2020,08:55:45,0.068
11/22/2020,08:55:46,0.062
11/22/2020,08:55:47,0.064
11/22/2020,08:55:48,0.074
11/22/2020,08:55:49,0.063
11/22/2020,08:55:50,0.065
11/22/2020,08:55:51,0.072
11/22/2020,08:55:52,0.068
11/22/2020,08:55:53,0.067
11/22/2020,08:55:54,0.065
11/22/2020,08:55:55,0.067
11/22/2020,08:55:56,0.067
11/22/2020,08:55:57,0.076
11/22/2020,08:55:58,0.131
11/22/2020,08:55:59,0.074
11/22/2020,08:56:00,0.056
11/22/2020,08:56:01,0.082
11/22/2020,08:56:02,0.076
11/22/2020,08:56:03,0.064
11/22/2020,08:56:04,0.071

Instrument Name:,SidePak Aerosol Monitor
Model Number:,AM520
Serial Number:,5201704010
Test Name:,Test 46
Start Date:,11/22/2020
Start Time:,09:55:05
Duration (dd:hh:mm:ss):,00:00:01:00
Log Interval (mm:ss):,00:01
Number of points:,60
Description:,

Statistics Channel: ,Aerosol
,Units:,mg/m³
,Average:,0.054
,Minimum:,0.038
,Time of Minimum:,09:55:30
,Date of Minimum:,11/22/2020
,Maximum:,0.08
,Time of Maximum:,09:55:41
,Date of Maximum:,11/22/2020

,TWA:,N/A

Calibration Sensor: ,Aerosol
,Cal factor:,1
,Cal date:,11/03/2020
,Cal name:,USER1 

Date,Time,Concentration
MM/dd/yyyy,HH:mm:ss,mg/m³
11/22/2020,09:55:06,0.058
11/22/2020,09:55:07,0.065
11/22/2020,09:55:08,0.043
11/22/2020,09:55:09,0.043
11/22/2020,09:55:10,0.05
11/22/2020,09:55:11,0.039
11/22/2020,09:55:12,0.045
11/22/2020,09:55:13,0.055
11/22/2020,09:55:14,0.049
11/22/2020,09:55:15,0.057
11/22/2020,09:55:16,0.042
11/22/2020,09:55:17,0.058
11/22/2020,09:55:18,0.042
11/22/2020,09:55:19,0.043
11/22/2020,09:55:20,0.042
11/22/2020,09:55:21,0.045
11/22/2020,09:55:22,0.045
11/22/2020,09:55:23,0.046
11/22/2020,09:55:24,0.042
11/22/2020,09:55:25,0.042
11/22/2020,09:55:26,0.045
11/22/2020,09:55:27,0.062
11/22/2020,09:55:28,0.045
11/22/2020,09:55:29,0.042
11/22/2020,09:55:30,0.038
11/22/2020,09:55:31,0.066
11/22/2020,09:55:32,0.059
11/22/2020,09:55:33,0.055
11/22/2020,09:55:34,0.059
11/22/2020,09:55:35,0.059
11/22/2020,09:55:36,0.057
11/22/2020,09:55:37,0.064
11/22/2020,09:55:38,0.071
11/22/2020,09:55:39,0.067
11/22/2020,09:55:40,0.06
11/22/2020,09:55:41,0.08
11/22/2020,09:55:42,0.068
11/22/2020,09:55:43,0.062
11/22/2020,09:55:44,0.069
11/22/2020,09:55:45,0.054
11/22/2020,09:55:46,0.052
11/22/2020,09:55:47,0.068
11/22/2020,09:55:48,0.052
11/22/2020,09:55:49,0.042
11/22/2020,09:55:50,0.039
11/22/2020,09:55:51,0.062
11/22/2020,09:55:52,0.049
11/22/2020,09:55:53,0.06
11/22/2020,09:55:54,0.049
11/22/2020,09:55:55,0.058
11/22/2020,09:55:56,0.055
11/22/2020,09:55:57,0.052
11/22/2020,09:55:58,0.069
11/22/2020,09:55:59,0.051
11/22/2020,09:56:00,0.063
11/22/2020,09:56:01,0.062
11/22/2020,09:56:02,0.06
11/22/2020,09:56:03,0.058
11/22/2020,09:56:04,0.062
11/22/2020,09:56:05,0.065

Instrument Name:,SidePak Aerosol Monitor
Model Number:,AM520
Serial Number:,5201704010
Test Name:,Test 47
Start Date:,11/22/2020
Start Time:,10:55:05
Duration (dd:hh:mm:ss):,00:00:01:00
Log Interval (mm:ss):,00:01
Number of points:,60
Description:,

Statistics Channel: ,Aerosol
,Units:,mg/m³
,Average:,0.054
,Minimum:,0.038
,Time of Minimum:,10:55:49
,Date of Minimum:,11/22/2020
,Maximum:,0.074
,Time of Maximum:,10:55:17
,Date of Maximum:,11/22/2020

,TWA:,N/A

Calibration Sensor: ,Aerosol
,Cal factor:,1
,Cal date:,11/03/2020
,Cal name:,USER1 

Date,Time,Concentration
MM/dd/yyyy,HH:mm:ss,mg/m³
11/22/2020,10:55:06,0.043
11/22/2020,10:55:07,0.055
11/22/2020,10:55:08,0.064
11/22/2020,10:55:09,0.053
11/22/2020,10:55:10,0.071
11/22/2020,10:55:11,0.058
11/22/2020,10:55:12,0.064
11/22/2020,10:55:13,0.054
11/22/2020,10:55:14,0.063
11/22/2020,10:55:15,0.058
11/22/2020,10:55:16,0.068
11/22/2020,10:55:17,0.074
11/22/2020,10:55:18,0.056
11/22/2020,10:55:19,0.064
11/22/2020,10:55:20,0.057
11/22/2020,10:55:21,0.049
11/22/2020,10:55:22,0.059
11/22/2020,10:55:23,0.045
11/22/2020,10:55:24,0.056
11/22/2020,10:55:25,0.045
11/22/2020,10:55:26,0.048
11/22/2020,10:55:27,0.048
11/22/2020,10:55:28,0.05
11/22/2020,10:55:29,0.051
11/22/2020,10:55:30,0.053
11/22/2020,10:55:31,0.057
11/22/2020,10:55:32,0.058
11/22/2020,10:55:33,0.068
11/22/2020,10:55:34,0.072
11/22/2020,10:55:35,0.057
11/22/2020,10:55:36,0.059
11/22/2020,10:55:37,0.064
11/22/2020,10:55:38,0.061
11/22/2020,10:55:39,0.049
11/22/2020,10:55:40,0.061
11/22/2020,10:55:41,0.05
11/22/2020,10:55:42,0.045
11/22/2020,10:55:43,0.053
11/22/2020,10:55:44,0.052
11/22/2020,10:55:45,0.052
11/22/2020,10:55:46,0.04
11/22/2020,10:55:47,0.044
11/22/2020,10:55:48,0.048
11/22/2020,10:55:49,0.038
11/22/2020,10:55:50,0.045
11/22/2020,10:55:51,0.042
11/22/2020,10:55:52,0.05
11/22/2020,10:55:53,0.048
11/22/2020,10:55:54,0.042
11/22/2020,10:55:55,0.051
11/22/2020,10:55:56,0.05
11/22/2020,10:55:57,0.048
11/22/2020,10:55:58,0.056
11/22/2020,10:55:59,0.057
11/22/2020,10:56:00,0.057
11/22/2020,10:56:01,0.049
11/22/2020,10:56:02,0.052
11/22/2020,10:56:03,0.067
11/22/2020,10:56:04,0.06
11/22/2020,10:56:05,0.045

Instrument Name:,SidePak Aerosol Monitor
Model Number:,AM520
Serial Number:,5201704010
Test Name:,Test 48
Start Date:,11/22/2020
Start Time:,11:55:05
Duration (dd:hh:mm:ss):,00:00:01:00
Log Interval (mm:ss):,00:01
Number of points:,60
Description:,

Statistics Channel: ,Aerosol
,Units:,mg/m³
,Average:,0.054
,Minimum:,0.036
,Time of Minimum:,11:56:03
,Date of Minimum:,11/22/2020
,Maximum:,0.077
,Time of Maximum:,11:55:40
,Date of Maximum:,11/22/2020

,TWA:,N/A

Calibration Sensor: ,Aerosol
,Cal factor:,1
,Cal date:,11/03/2020
,Cal name:,USER1 

Date,Time,Concentration
MM/dd/yyyy,HH:mm:ss,mg/m³
11/22/2020,11:55:06,0.055
11/22/2020,11:55:07,0.068
11/22/2020,11:55:08,0.07
11/22/2020,11:55:09,0.066
11/22/2020,11:55:10,0.051
11/22/2020,11:55:11,0.073
11/22/2020,11:55:12,0.073
11/22/2020,11:55:13,0.061
11/22/2020,11:55:14,0.06
11/22/2020,11:55:15,0.061
11/22/2020,11:55:16,0.056
11/22/2020,11:55:17,0.054
11/22/2020,11:55:18,0.054
11/22/2020,11:55:19,0.057
11/22/2020,11:55:20,0.047
11/22/2020,11:55:21,0.061
11/22/2020,11:55:22,0.055
11/22/2020,11:55:23,0.038
11/22/2020,11:55:24,0.038
11/22/2020,11:55:25,0.039
11/22/2020,11:55:26,0.045
11/22/2020,11:55:27,0.065
11/22/2020,11:55:28,0.043
11/22/2020,11:55:29,0.049
11/22/2020,11:55:30,0.059
11/22/2020,11:55:31,0.049
11/22/2020,11:55:32,0.058
11/22/2020,11:55:33,0.061
11/22/2020,11:55:34,0.066
11/22/2020,11:55:35,0.058
11/22/2020,11:55:36,0.072
11/22/2020,11:55:37,0.061
11/22/2020,11:55:38,0.061
11/22/2020,11:55:39,0.066
11/22/2020,11:55:40,0.077
11/22/2020,11:55:41,0.053
11/22/2020,11:55:42,0.05
11/22/2020,11:55:43,0.044
11/22/2020,11:55:44,0.051
11/22/2020,11:55:45,0.049
11/22/2020,11:55:46,0.045
11/22/2020,11:55:47,0.051
11/22/2020,11:55:48,0.063
11/22/2020,11:55:49,0.044
11/22/2020,11:55:50,0.039
11/22/2020,11:55:51,0.073
11/22/2020,11:55:52,0.047
11/22/2020,11:55:53,0.065
11/22/2020,11:55:54,0.041
11/22/2020,11:55:55,0.036
11/22/2020,11:55:56,0.042
11/22/2020,11:55:57,0.05
11/22/2020,11:55:58,0.047
11/22/2020,11:55:59,0.051
11/22/2020,11:56:00,0.04
11/22/2020,11:56:01,0.047
11/22/2020,11:56:02,0.047
11/22/2020,11:56:03,0.036
11/22/2020,11:56:04,0.048
11/22/2020,11:56:05,0.041

Instrument Name:,SidePak Aerosol Monitor
Model Number:,AM520
Serial Number:,5201704010
Test Name:,Test 49
Start Date:,11/22/2020
Start Time:,12:55:05
Duration (dd:hh:mm:ss):,00:00:01:00
Log Interval (mm:ss):,00:01
Number of points:,60
Description:,

Statistics Channel: ,Aerosol
,Units:,mg/m³
,Average:,0.055
,Minimum:,0.035
,Time of Minimum:,12:55:42
,Date of Minimum:,11/22/2020
,Maximum:,0.075
,Time of Maximum:,12:55:34
,Date of Maximum:,11/22/2020

,TWA:,N/A

Calibration Sensor: ,Aerosol
,Cal factor:,1
,Cal date:,11/03/2020
,Cal name:,USER1 

Date,Time,Concentration
MM/dd/yyyy,HH:mm:ss,mg/m³
11/22/2020,12:55:06,0.066
11/22/2020,12:55:07,0.061
11/22/2020,12:55:08,0.058
11/22/2020,12:55:09,0.057
11/22/2020,12:55:10,0.055
11/22/2020,12:55:11,0.056
11/22/2020,12:55:12,0.053
11/22/2020,12:55:13,0.06
11/22/2020,12:55:14,0.041
11/22/2020,12:55:15,0.045
11/22/2020,12:55:16,0.044
11/22/2020,12:55:17,0.048
11/22/2020,12:55:18,0.048
11/22/2020,12:55:19,0.05
11/22/2020,12:55:20,0.049
11/22/2020,12:55:21,0.045
11/22/2020,12:55:22,0.048
11/22/2020,12:55:23,0.048
11/22/2020,12:55:24,0.046
11/22/2020,12:55:25,0.053
11/22/2020,12:55:26,0.051
11/22/2020,12:55:27,0.063
11/22/2020,12:55:28,0.055
11/22/2020,12:55:29,0.061
11/22/2020,12:55:30,0.055
11/22/2020,12:55:31,0.057
11/22/2020,12:55:32,0.061
11/22/2020,12:55:33,0.062
11/22/2020,12:55:34,0.075
11/22/2020,12:55:35,0.056
11/22/2020,12:55:36,0.061
11/22/2020,12:55:37,0.061
11/22/2020,12:55:38,0.05
11/22/2020,12:55:39,0.049
11/22/2020,12:55:40,0.054
11/22/2020,12:55:41,0.045
11/22/2020,12:55:42,0.035
11/22/2020,12:55:43,0.042
11/22/2020,12:55:44,0.041
11/22/2020,12:55:45,0.04
11/22/2020,12:55:46,0.046
11/22/2020,12:55:47,0.063
11/22/2020,12:55:48,0.051
11/22/2020,12:55:49,0.065
11/22/2020,12:55:50,0.052
11/22/2020,12:55:51,0.06
11/22/2020,12:55:52,0.053
11/22/2020,12:55:53,0.062
11/22/2020,12:55:54,0.067
11/22/2020,12:55:55,0.06
11/22/2020,12:55:56,0.061
11/22/2020,12:55:57,0.063
11/22/2020,12:55:58,0.062
11/22/2020,12:55:59,0.063
11/22/2020,12:56:00,0.063
11/22/2020,12:56:01,0.058
11/22/2020,12:56:02,0.058
11/22/2020,12:56:03,0.062
11/22/2020,12:56:04,0.056
11/22/2020,12:56:05,0.061

Instrument Name:,SidePak Aerosol Monitor
Model Number:,AM520
Serial Number:,5201704010
Test Name:,Test 50
Start Date:,11/22/2020
Start Time:,01:55:05
Duration (dd:hh:mm:ss):,00:00:01:00
Log Interval (mm:ss):,00:01
Number of points:,60
Description:,

Statistics Channel: ,Aerosol
,Units:,mg/m³
,Average:,0.06
,Minimum:,0.044
,Time of Minimum:,01:56:02
,Date of Minimum:,11/22/2020
,Maximum:,0.09
,Time of Maximum:,01:55:33
,Date of Maximum:,11/22/2020

,TWA:,N/A

Calibration Sensor: ,Aerosol
,Cal factor:,1
,Cal date:,11/03/2020
,Cal name:,USER1 

Date,Time,Concentration
MM/dd/yyyy,HH:mm:ss,mg/m³
11/22/2020,13:55:06,0.071
11/22/2020,13:55:07,0.068
11/22/2020,13:55:08,0.068
11/22/2020,13:55:09,0.072
11/22/2020,13:55:10,0.06
11/22/2020,13:55:11,0.071
11/22/2020,13:55:12,0.059
11/22/2020,13:55:13,0.077
11/22/2020,13:55:14,0.053
11/22/2020,13:55:15,0.054
11/22/2020,13:55:16,0.055
11/22/2020,13:55:17,0.065
11/22/2020,13:55:18,0.058
11/22/2020,13:55:19,0.055
11/22/2020,13:55:20,0.062
11/22/2020,13:55:21,0.053
11/22/2020,13:55:22,0.049
11/22/2020,13:55:23,0.059
11/22/2020,13:55:24,0.051
11/22/2020,13:55:25,0.051
11/22/2020,13:55:26,0.054
11/22/2020,13:55:27,0.044
11/22/2020,13:55:28,0.049
11/22/2020,13:55:29,0.048
11/22/2020,13:55:30,0.048
11/22/2020,13:55:31,0.047
11/22/2020,13:55:32,0.055
11/22/2020,13:55:33,0.09
11/22/2020,13:55:34,0.053
11/22/2020,13:55:35,0.08
11/22/2020,13:55:36,0.069
11/22/2020,13:55:37,0.053
11/22/2020,13:55:38,0.059
11/22/2020,13:55:39,0.062
11/22/2020,13:55:40,0.06
11/22/2020,13:55:41,0.083
11/22/2020,13:55:42,0.069
11/22/2020,13:55:43,0.085
11/22/2020,13:55:44,0.059
11/22/2020,13:55:45,0.077
11/22/2020,13:55:46,0.064
11/22/2020,13:55:47,0.058
11/22/2020,13:55:48,0.067
11/22/2020,13:55:49,0.058
11/22/2020,13:55:50,0.059
11/22/2020,13:55:51,0.054
11/22/2020,13:55:52,0.065
11/22/2020,13:55:53,0.057
11/22/2020,13:55:54,0.061
11/22/2020,13:55:55,0.058
11/22/2020,13:55:56,0.051
11/22/2020,13:55:57,0.058
11/22/2020,13:55:58,0.052
11/22/2020,13:55:59,0.07
11/22/2020,13:56:00,0.055
11/22/2020,13:56:01,0.047
11/22/2020,13:56:02,0.044
11/22/2020,13:56:03,0.054
11/22/2020,13:56:04,0.051
11/22/2020,13:56:05,0.056

Instrument Name:,SidePak Aerosol Monitor
Model Number:,AM520
Serial Number:,5201704010
Test Name:,Test 51
Start Date:,11/22/2020
Start Time:,02:55:05
Duration (dd:hh:mm:ss):,00:00:01:00
Log Interval (mm:ss):,00:01
Number of points:,60
Description:,

Statistics Channel: ,Aerosol
,Units:,mg/m³
,Average:,0.063
,Minimum:,0.046
,Time of Minimum:,02:55:10
,Date of Minimum:,11/22/2020
,Maximum:,0.099
,Time of Maximum:,02:55:47
,Date of Maximum:,11/22/2020

,TWA:,N/A

Calibration Sensor: ,Aerosol
,Cal factor:,1
,Cal date:,11/03/2020
,Cal name:,USER1 

Date,Time,Concentration
MM/dd/yyyy,HH:mm:ss,mg/m³
11/22/2020,14:55:06,0.057
11/22/2020,14:55:07,0.057
11/22/2020,14:55:08,0.068
11/22/2020,14:55:09,0.056
11/22/2020,14:55:10,0.046
11/22/2020,14:55:11,0.048
11/22/2020,14:55:12,0.069
11/22/2020,14:55:13,0.054
11/22/2020,14:55:14,0.047
11/22/2020,14:55:15,0.062
11/22/2020,14:55:16,0.062
11/22/2020,14:55:17,0.056
11/22/2020,14:55:18,0.05
11/22/2020,14:55:19,0.064
11/22/2020,14:55:20,0.055
11/22/2020,14:55:21,0.067
11/22/2020,14:55:22,0.068
11/22/2020,14:55:23,0.078
11/22/2020,14:55:24,0.073
11/22/2020,14:55:25,0.087
11/22/2020,14:55:26,0.068
11/22/2020,14:55:27,0.059
11/22/2020,14:55:28,0.053
11/22/2020,14:55:29,0.071
11/22/2020,14:55:30,0.074
11/22/2020,14:55:31,0.073
11/22/2020,14:55:32,0.059
11/22/2020,14:55:33,0.054
11/22/2020,14:55:34,0.063
11/22/2020,14:55:35,0.067
11/22/2020,14:55:36,0.065
11/22/2020,14:55:37,0.06
11/22/2020,14:55:38,0.054
11/22/2020,14:55:39,0.058
11/22/2020,14:55:40,0.051
11/22/2020,14:55:41,0.064
11/22/2020,14:55:42,0.051
11/22/2020,14:55:43,0.056
11/22/2020,14:55:44,0.048
11/22/2020,14:55:45,0.063
11/22/2020,14:55:46,0.061
11/22/2020,14:55:47,0.099
11/22/2020,14:55:48,0.076
11/22/2020,14:55:49,0.068
11/22/2020,14:55:50,0.083
11/22/2020,14:55:51,0.07
11/22/2020,14:55:52,0.076
11/22/2020,14:55:53,0.081
11/22/2020,14:55:54,0.071
11/22/2020,14:55:55,0.067
11/22/2020,14:55:56,0.06
11/22/2020,14:55:57,0.079
11/22/2020,14:55:58,0.05
11/22/2020,14:55:59,0.067
11/22/2020,14:56:00,0.053
11/22/2020,14:56:01,0.054
11/22/2020,14:56:02,0.055
11/22/2020,14:56:03,0.05
11/22/2020,14:56:04,0.054
11/22/2020,14:56:05,0.075

Instrument Name:,SidePak Aerosol Monitor
Model Number:,AM520
Serial Number:,5201704010
Test Name:,Test 52
Start Date:,11/22/2020
Start Time:,03:55:05
Duration (dd:hh:mm:ss):,00:00:01:00
Log Interval (mm:ss):,00:01
Number of points:,60
Description:,

Statistics Channel: ,Aerosol
,Units:,mg/m³
,Average:,0.059
,Minimum:,0.045
,Time of Minimum:,03:56:04
,Date of Minimum:,11/22/2020
,Maximum:,0.08
,Time of Maximum:,03:55:36
,Date of Maximum:,11/22/2020

,TWA:,N/A

Calibration Sensor: ,Aerosol
,Cal factor:,1
,Cal date:,11/03/2020
,Cal name:,USER1 

Date,Time,Concentration
MM/dd/yyyy,HH:mm:ss,mg/m³
11/22/2020,15:55:06,0.062
11/22/2020,15:55:07,0.061
11/22/2020,15:55:08,0.064
11/22/2020,15:55:09,0.06
11/22/2020,15:55:10,0.054
11/22/2020,15:55:11,0.059
11/22/2020,15:55:12,0.054
11/22/2020,15:55:13,0.062
11/22/2020,15:55:14,0.049
11/22/2020,15:55:15,0.052
11/22/2020,15:55:16,0.049
11/22/2020,15:55:17,0.054
11/22/2020,15:55:18,0.054
11/22/2020,15:55:19,0.057
11/22/2020,15:55:20,0.054
11/22/2020,15:55:21,0.062
11/22/2020,15:55:22,0.057
11/22/2020,15:55:23,0.06
11/22/2020,15:55:24,0.061
11/22/2020,15:55:25,0.06
11/22/2020,15:55:26,0.063
11/22/2020,15:55:27,0.065
11/22/2020,15:55:28,0.067
11/22/2020,15:55:29,0.077
11/22/2020,15:55:30,0.068
11/22/2020,15:55:31,0.062
11/22/2020,15:55:32,0.072
11/22/2020,15:55:33,0.075
11/22/2020,15:55:34,0.057
11/22/2020,15:55:35,0.058
11/22/2020,15:55:36,0.08
11/22/2020,15:55:37,0.063
11/22/2020,15:55:38,0.05
11/22/2020,15:55:39,0.054
11/22/2020,15:55:40,0.049
11/22/2020,15:55:41,0.047
11/22/2020,15:55:42,0.076
11/22/2020,15:55:43,0.05
11/22/2020,15:55:44,0.046
11/22/2020,15:55:45,0.056
11/22/2020,15:55:46,0.055
11/22/2020,15:55:47,0.068
11/22/2020,15:55:48,0.069
11/22/2020,15:55:49,0.052
11/22/2020,15:55:50,0.051
11/22/2020,15:55:51,0.059
11/22/2020,15:55:52,0.065
11/22/2020,15:55:53,0.067
11/22/2020,15:55:54,0.056
11/22/2020,15:55:55,0.055
11/22/2020,15:55:56,0.052
11/22/2020,15:55:57,0.064
11/22/2020,15:55:58,0.059
11/22/2020,15:55:59,0.062
11/22/2020,15:56:00,0.062
11/22/2020,15:56:01,0.058
11/22/2020,15:56:02,0.056
11/22/2020,15:56:03,0.048
11/22/2020,15:56:04,0.045
11/22/2020,15:56:05,0.05

Instrument Name:,SidePak Aerosol Monitor
Model Number:,AM520
Serial Number:,5201704010
Test Name:,Test 53
Start Date:,11/22/2020
Start Time:,04:55:06
Duration (dd:hh:mm:ss):,00:00:01:00
Log Interval (mm:ss):,00:01
Number of points:,60
Description:,

Statistics Channel: ,Aerosol
,Units:,mg/m³
,Average:,0.062
,Minimum:,0.048
,Time of Minimum:,04:55:53
,Date of Minimum:,11/22/2020
,Maximum:,0.092
,Time of Maximum:,04:55:32
,Date of Maximum:,11/22/2020

,TWA:,N/A

Calibration Sensor: ,Aerosol
,Cal factor:,1
,Cal date:,11/03/2020
,Cal name:,USER1 

Date,Time,Concentration
MM/dd/yyyy,HH:mm:ss,mg/m³
11/22/2020,16:55:07,0.069
11/22/2020,16:55:08,0.054
11/22/2020,16:55:09,0.061
11/22/2020,16:55:10,0.057
11/22/2020,16:55:11,0.063
11/22/2020,16:55:12,0.069
11/22/2020,16:55:13,0.058
11/22/2020,16:55:14,0.05
11/22/2020,16:55:15,0.061
11/22/2020,16:55:16,0.06
11/22/2020,16:55:17,0.058
11/22/2020,16:55:18,0.058
11/22/2020,16:55:19,0.053
11/22/2020,16:55:20,0.066
11/22/2020,16:55:21,0.051
11/22/2020,16:55:22,0.056
11/22/2020,16:55:23,0.064
11/22/2020,16:55:24,0.058
11/22/2020,16:55:25,0.07
11/22/2020,16:55:26,0.059
11/22/2020,16:55:27,0.066
11/22/2020,16:55:28,0.067
11/22/2020,16:55:29,0.072
11/22/2020,16:55:30,0.084
11/22/2020,16:55:31,0.069
11/22/2020,16:55:32,0.092
11/22/2020,16:55:33,0.063
11/22/2020,16:55:34,0.061
11/22/2020,16:55:35,0.07
11/22/2020,16:55:36,0.069
11/22/2020,16:55:37,0.07
11/22/2020,16:55:38,0.072
11/22/2020,16:55:39,0.059
11/22/2020,16:55:40,0.063
11/22/2020,16:55:41,0.057
11/22/2020,16:55:42,0.069
11/22/2020,16:55:43,0.058
11/22/2020,16:55:44,0.059
11/22/2020,16:55:45,0.057
11/22/2020,16:55:46,0.059
11/22/2020,16:55:47,0.054
11/22/2020,16:55:48,0.057
11/22/2020,16:55:49,0.057
11/22/2020,16:55:50,0.058
11/22/2020,16:55:51,0.075
11/22/2020,16:55:52,0.052
11/22/2020,16:55:53,0.048
11/22/2020,16:55:54,0.063
11/22/2020,16:55:55,0.052
11/22/2020,16:55:56,0.064
11/22/2020,16:55:57,0.055
11/22/2020,16:55:58,0.058
11/22/2020,16:55:59,0.059
11/22/2020,16:56:00,0.055
11/22/2020,16:56:01,0.051
11/22/2020,16:56:02,0.056
11/22/2020,16:56:03,0.063
11/22/2020,16:56:04,0.056
11/22/2020,16:56:05,0.062
11/22/2020,16:56:06,0.077

Instrument Name:,SidePak Aerosol Monitor
Model Number:,AM520
Serial Number:,5201704010
Test Name:,Test 54
Start Date:,11/22/2020
Start Time:,05:55:06
Duration (dd:hh:mm:ss):,00:00:01:00
Log Interval (mm:ss):,00:01
Number of points:,60
Description:,

Statistics Channel: ,Aerosol
,Units:,mg/m³
,Average:,0.123
,Minimum:,0.091
,Time of Minimum:,05:55:31
,Date of Minimum:,11/22/2020
,Maximum:,0.23
,Time of Maximum:,05:55:49
,Date of Maximum:,11/22/2020

,TWA:,N/A

Calibration Sensor: ,Aerosol
,Cal factor:,1
,Cal date:,11/03/2020
,Cal name:,USER1 

Date,Time,Concentration
MM/dd/yyyy,HH:mm:ss,mg/m³
11/22/2020,17:55:07,0.116
11/22/2020,17:55:08,0.119
11/22/2020,17:55:09,0.098
11/22/2020,17:55:10,0.105
11/22/2020,17:55:11,0.157
11/22/2020,17:55:12,0.128
11/22/2020,17:55:13,0.185
11/22/2020,17:55:14,0.104
11/22/2020,17:55:15,0.135
11/22/2020,17:55:16,0.104
11/22/2020,17:55:17,0.124
11/22/2020,17:55:18,0.094
11/22/2020,17:55:19,0.094
11/22/2020,17:55:20,0.095
11/22/2020,17:55:21,0.14
11/22/2020,17:55:22,0.154
11/22/2020,17:55:23,0.147
11/22/2020,17:55:24,0.156
11/22/2020,17:55:25,0.155
11/22/2020,17:55:26,0.116
11/22/2020,17:55:27,0.119
11/22/2020,17:55:28,0.121
11/22/2020,17:55:29,0.151
11/22/2020,17:55:30,0.126
11/22/2020,17:55:31,0.091
11/22/2020,17:55:32,0.123
11/22/2020,17:55:33,0.126
11/22/2020,17:55:34,0.143
11/22/2020,17:55:35,0.22
11/22/2020,17:55:36,0.113
11/22/2020,17:55:37,0.092
11/22/2020,17:55:38,0.103
11/22/2020,17:55:39,0.121
11/22/2020,17:55:40,0.126
11/22/2020,17:55:41,0.097
11/22/2020,17:55:42,0.103
11/22/2020,17:55:43,0.093
11/22/2020,17:55:44,0.102
11/22/2020,17:55:45,0.106
11/22/2020,17:55:46,0.116
11/22/2020,17:55:47,0.106
11/22/2020,17:55:48,0.111
11/22/2020,17:55:49,0.23
11/22/2020,17:55:50,0.116
11/22/2020,17:55:51,0.109
11/22/2020,17:55:52,0.11
11/22/2020,17:55:53,0.1
11/22/2020,17:55:54,0.121
11/22/2020,17:55:55,0.095
11/22/2020,17:55:56,0.129
11/22/2020,17:55:57,0.15
11/22/2020,17:55:58,0.107
11/22/2020,17:55:59,0.14
11/22/2020,17:56:00,0.099
11/22/2020,17:56:01,0.139
11/22/2020,17:56:02,0.102
11/22/2020,17:56:03,0.097
11/22/2020,17:56:04,0.117
11/22/2020,17:56:05,0.114
11/22/2020,17:56:06,0.138

Instrument Name:,SidePak Aerosol Monitor
Model Number:,AM520
Serial Number:,5201704010
Test Name:,Test 55
Start Date:,11/22/2020
Start Time:,06:55:06
Duration (dd:hh:mm:ss):,00:00:01:00
Log Interval (mm:ss):,00:01
Number of points:,60
Description:,

Statistics Channel: ,Aerosol
,Units:,mg/m³
,Average:,0.086
,Minimum:,0.065
,Time of Minimum:,06:56:05
,Date of Minimum:,11/22/2020
,Maximum:,0.194
,Time of Maximum:,06:55:52
,Date of Maximum:,11/22/2020

,TWA:,N/A

Calibration Sensor: ,Aerosol
,Cal factor:,1
,Cal date:,11/03/2020
,Cal name:,USER1 

Date,Time,Concentration
MM/dd/yyyy,HH:mm:ss,mg/m³
11/22/2020,18:55:07,0.078
11/22/2020,18:55:08,0.116
11/22/2020,18:55:09,0.09
11/22/2020,18:55:10,0.084
11/22/2020,18:55:11,0.102
11/22/2020,18:55:12,0.089
11/22/2020,18:55:13,0.085
11/22/2020,18:55:14,0.089
11/22/2020,18:55:15,0.087
11/22/2020,18:55:16,0.082
11/22/2020,18:55:17,0.075
11/22/2020,18:55:18,0.082
11/22/2020,18:55:19,0.086
11/22/2020,18:55:20,0.072
11/22/2020,18:55:21,0.076
11/22/2020,18:55:22,0.071
11/22/2020,18:55:23,0.11
11/22/2020,18:55:24,0.075
11/22/2020,18:55:25,0.106
11/22/2020,18:55:26,0.078
11/22/2020,18:55:27,0.076
11/22/2020,18:55:28,0.09
11/22/2020,18:55:29,0.1
11/22/2020,18:55:30,0.079
11/22/2020,18:55:31,0.099
11/22/2020,18:55:32,0.079
11/22/2020,18:55:33,0.08
11/22/2020,18:55:34,0.08
11/22/2020,18:55:35,0.071
11/22/2020,18:55:36,0.074
11/22/2020,18:55:37,0.076
11/22/2020,18:55:38,0.069
11/22/2020,18:55:39,0.074
11/22/2020,18:55:40,0.079
11/22/2020,18:55:41,0.082
11/22/2020,18:55:42,0.068
11/22/2020,18:55:43,0.067
11/22/2020,18:55:44,0.081
11/22/2020,18:55:45,0.066
11/22/2020,18:55:46,0.082
11/22/2020,18:55:47,0.097
11/22/2020,18:55:48,0.074
11/22/2020,18:55:49,0.103
11/22/2020,18:55:50,0.087
11/22/2020,18:55:51,0.126
11/22/2020,18:55:52,0.194
11/22/2020,18:55:53,0.089
11/22/2020,18:55:54,0.078
11/22/2020,18:55:55,0.085
11/22/2020,18:55:56,0.067
11/22/2020,18:55:57,0.071
11/22/2020,18:55:58,0.1
11/22/2020,18:55:59,0.077
11/22/2020,18:56:00,0.134
11/22/2020,18:56:01,0.083
11/22/2020,18:56:02,0.071
11/22/2020,18:56:03,0.071
11/22/2020,18:56:04,0.067
11/22/2020,18:56:05,0.065
11/22/2020,18:56:06,0.106

Instrument Name:,SidePak Aerosol Monitor
Model Number:,AM520
Serial Number:,5201704010
Test Name:,Test 56
Start Date:,11/22/2020
Start Time:,07:55:06
Duration (dd:hh:mm:ss):,00:00:01:00
Log Interval (mm:ss):,00:01
Number of points:,60
Description:,

Statistics Channel: ,Aerosol
,Units:,mg/m³
,Average:,0.06
,Minimum:,0.041
,Time of Minimum:,07:56:06
,Date of Minimum:,11/22/2020
,Maximum:,0.11
,Time of Maximum:,07:55:14
,Date of Maximum:,11/22/2020

,TWA:,N/A

Calibration Sensor: ,Aerosol
,Cal factor:,1
,Cal date:,11/03/2020
,Cal name:,USER1 

Date,Time,Concentration
MM/dd/yyyy,HH:mm:ss,mg/m³
11/22/2020,19:55:07,0.056
11/22/2020,19:55:08,0.066
11/22/2020,19:55:09,0.065
11/22/2020,19:55:10,0.073
11/22/2020,19:55:11,0.055
11/22/2020,19:55:12,0.064
11/22/2020,19:55:13,0.071
11/22/2020,19:55:14,0.11
11/22/2020,19:55:15,0.054
11/22/2020,19:55:16,0.052
11/22/2020,19:55:17,0.046
11/22/2020,19:55:18,0.051
11/22/2020,19:55:19,0.058
11/22/2020,19:55:20,0.05
11/22/2020,19:55:21,0.058
11/22/2020,19:55:22,0.053
11/22/2020,19:55:23,0.043
11/22/2020,19:55:24,0.054
11/22/2020,19:55:25,0.063
11/22/2020,19:55:26,0.073
11/22/2020,19:55:27,0.05
11/22/2020,19:55:28,0.042
11/22/2020,19:55:29,0.057
11/22/2020,19:55:30,0.057
11/22/2020,19:55:31,0.047
11/22/2020,19:55:32,0.059
11/22/2020,19:55:33,0.047
11/22/2020,19:55:34,0.065
11/22/2020,19:55:35,0.066
11/22/2020,19:55:36,0.054
11/22/2020,19:55:37,0.061
11/22/2020,19:55:38,0.079
11/22/2020,19:55:39,0.059
11/22/2020,19:55:40,0.061
11/22/2020,19:55:41,0.056
11/22/2020,19:55:42,0.089
11/22/2020,19:55:43,0.063
11/22/2020,19:55:44,0.06
11/22/2020,19:55:45,0.069
11/22/2020,19:55:46,0.063
11/22/2020,19:55:47,0.061
11/22/2020,19:55:48,0.057
11/22/2020,19:55:49,0.068
11/22/2020,19:55:50,0.075
11/22/2020,19:55:51,0.069
11/22/2020,19:55:52,0.067
11/22/2020,19:55:53,0.07
11/22/2020,19:55:54,0.061
11/22/2020,19:55:55,0.066
11/22/2020,19:55:56,0.071
11/22/2020,19:55:57,0.077
11/22/2020,19:55:58,0.067
11/22/2020,19:55:59,0.05
11/22/2020,19:56:00,0.052
11/22/2020,19:56:01,0.049
11/22/2020,19:56:02,0.045
11/22/2020,19:56:03,0.053
11/22/2020,19:56:04,0.05
11/22/2020,19:56:05,0.053
11/22/2020,19:56:06,0.041

Instrument Name:,SidePak Aerosol Monitor
Model Number:,AM520
Serial Number:,5201704010
Test Name:,Test 57
Start Date:,11/22/2020
Start Time:,08:55:06
Duration (dd:hh:mm:ss):,00:00:01:00
Log Interval (mm:ss):,00:01
Number of points:,60
Description:,

Statistics Channel: ,Aerosol
,Units:,mg/m³
,Average:,0.073
,Minimum:,0.054
,Time of Minimum:,08:55:39
,Date of Minimum:,11/22/2020
,Maximum:,0.101
,Time of Maximum:,08:55:25
,Date of Maximum:,11/22/2020

,TWA:,N/A

Calibration Sensor: ,Aerosol
,Cal factor:,1
,Cal date:,11/03/2020
,Cal name:,USER1 

Date,Time,Concentration
MM/dd/yyyy,HH:mm:ss,mg/m³
11/22/2020,20:55:07,0.067
11/22/2020,20:55:08,0.081
11/22/2020,20:55:09,0.074
11/22/2020,20:55:10,0.063
11/22/2020,20:55:11,0.081
11/22/2020,20:55:12,0.074
11/22/2020,20:55:13,0.064
11/22/2020,20:55:14,0.071
11/22/2020,20:55:15,0.073
11/22/2020,20:55:16,0.071
11/22/2020,20:55:17,0.09
11/22/2020,20:55:18,0.094
11/22/2020,20:55:19,0.084
11/22/2020,20:55:20,0.084
11/22/2020,20:55:21,0.085
11/22/2020,20:55:22,0.085
11/22/2020,20:55:23,0.078
11/22/2020,20:55:24,0.088
11/22/2020,20:55:25,0.101
11/22/2020,20:55:26,0.098
11/22/2020,20:55:27,0.098
11/22/2020,20:55:28,0.071
11/22/2020,20:55:29,0.079
11/22/2020,20:55:30,0.069
11/22/2020,20:55:31,0.068
11/22/2020,20:55:32,0.066
11/22/2020,20:55:33,0.067
11/22/2020,20:55:34,0.061
11/22/2020,20:55:35,0.057
11/22/2020,20:55:36,0.086
11/22/2020,20:55:37,0.076
11/22/2020,20:55:38,0.064
11/22/2020,20:55:39,0.054
11/22/2020,20:55:40,0.064
11/22/2020,20:55:41,0.063
11/22/2020,20:55:42,0.058
11/22/2020,20:55:43,0.062
11/22/2020,20:55:44,0.062
11/22/2020,20:55:45,0.065
11/22/2020,20:55:46,0.06
11/22/2020,20:55:47,0.067
11/22/2020,20:55:48,0.065
11/22/2020,20:55:49,0.069
11/22/2020,20:55:50,0.064
11/22/2020,20:55:51,0.069
11/22/2020,20:55:52,0.078
11/22/2020,20:55:53,0.069
11/22/2020,20:55:54,0.069
11/22/2020,20:55:55,0.071
11/22/2020,20:55:56,0.071
11/22/2020,20:55:57,0.071
11/22/2020,20:55:58,0.065
11/22/2020,20:55:59,0.081
11/22/2020,20:56:00,0.071
11/22/2020,20:56:01,0.072
11/22/2020,20:56:02,0.087
11/22/2020,20:56:03,0.08
11/22/2020,20:56:04,0.075
11/22/2020,20:56:05,0.085
11/22/2020,20:56:06,0.074

Instrument Name:,SidePak Aerosol Monitor
Model Number:,AM520
Serial Number:,5201704010
Test Name:,Test 58
Start Date:,11/22/2020
Start Time:,09:55:06
Duration (dd:hh:mm:ss):,00:00:01:00
Log Interval (mm:ss):,00:01
Number of points:,60
Description:,

Statistics Channel: ,Aerosol
,Units:,mg/m³
,Average:,0.067
,Minimum:,0.047
,Time of Minimum:,09:55:42
,Date of Minimum:,11/22/2020
,Maximum:,0.108
,Time of Maximum:,09:56:06
,Date of Maximum:,11/22/2020

,TWA:,N/A

Calibration Sensor: ,Aerosol
,Cal factor:,1
,Cal date:,11/03/2020
,Cal name:,USER1 

Date,Time,Concentration
MM/dd/yyyy,HH:mm:ss,mg/m³
11/22/2020,21:55:07,0.07
11/22/2020,21:55:08,0.055
11/22/2020,21:55:09,0.068
11/22/2020,21:55:10,0.072
11/22/2020,21:55:11,0.07
11/22/2020,21:55:12,0.062
11/22/2020,21:55:13,0.068
11/22/2020,21:55:14,0.06
11/22/2020,21:55:15,0.063
11/22/2020,21:55:16,0.061
11/22/2020,21:55:17,0.067
11/22/2020,21:55:18,0.069
11/22/2020,21:55:19,0.067
11/22/2020,21:55:20,0.064
11/22/2020,21:55:21,0.074
11/22/2020,21:55:22,0.079
11/22/2020,21:55:23,0.062
11/22/2020,21:55:24,0.082
11/22/2020,21:55:25,0.063
11/22/2020,21:55:26,0.071
11/22/2020,21:55:27,0.068
11/22/2020,21:55:28,0.059
11/22/2020,21:55:29,0.1
11/22/2020,21:55:30,0.068
11/22/2020,21:55:31,0.08
11/22/2020,21:55:32,0.071
11/22/2020,21:55:33,0.081
11/22/2020,21:55:34,0.075
11/22/2020,21:55:35,0.054
11/22/2020,21:55:36,0.056
11/22/2020,21:55:37,0.051
11/22/2020,21:55:38,0.071
11/22/2020,21:55:39,0.058
11/22/2020,21:55:40,0.058
11/22/2020,21:55:41,0.05
11/22/2020,21:55:42,0.047
11/22/2020,21:55:43,0.052
11/22/2020,21:55:44,0.052
11/22/2020,21:55:45,0.053
11/22/2020,21:55:46,0.053
11/22/2020,21:55:47,0.06
11/22/2020,21:55:48,0.059
11/22/2020,21:55:49,0.055
11/22/2020,21:55:50,0.067
11/22/2020,21:55:51,0.055
11/22/2020,21:55:52,0.062
11/22/2020,21:55:53,0.055
11/22/2020,21:55:54,0.059
11/22/2020,21:55:55,0.074
11/22/2020,21:55:56,0.08
11/22/2020,21:55:57,0.07
11/22/2020,21:55:58,0.067
11/22/2020,21:55:59,0.065
11/22/2020,21:56:00,0.09
11/22/2020,21:56:01,0.077
11/22/2020,21:56:02,0.067
11/22/2020,21:56:03,0.08
11/22/2020,21:56:04,0.09
11/22/2020,21:56:05,0.074
11/22/2020,21:56:06,0.108

Instrument Name:,SidePak Aerosol Monitor
Model Number:,AM520
Serial Number:,5201704010
Test Name:,Test 59
Start Date:,11/22/2020
Start Time:,10:55:06
Duration (dd:hh:mm:ss):,00:00:01:00
Log Interval (mm:ss):,00:01
Number of points:,60
Description:,

Statistics Channel: ,Aerosol
,Units:,mg/m³
,Average:,0.064
,Minimum:,0.04
,Time of Minimum:,10:56:05
,Date of Minimum:,11/22/2020
,Maximum:,0.086
,Time of Maximum:,10:55:40
,Date of Maximum:,11/22/2020

,TWA:,N/A

Calibration Sensor: ,Aerosol
,Cal factor:,1
,Cal date:,11/03/2020
,Cal name:,USER1 

Date,Time,Concentration
MM/dd/yyyy,HH:mm:ss,mg/m³
11/22/2020,22:55:07,0.049
11/22/2020,22:55:08,0.054
11/22/2020,22:55:09,0.074
11/22/2020,22:55:10,0.071
11/22/2020,22:55:11,0.06
11/22/2020,22:55:12,0.064
11/22/2020,22:55:13,0.079
11/22/2020,22:55:14,0.058
11/22/2020,22:55:15,0.059
11/22/2020,22:55:16,0.069
11/22/2020,22:55:17,0.08
11/22/2020,22:55:18,0.059
11/22/2020,22:55:19,0.065
11/22/2020,22:55:20,0.069
11/22/2020,22:55:21,0.058
11/22/2020,22:55:22,0.059
11/22/2020,22:55:23,0.066
11/22/2020,22:55:24,0.067
11/22/2020,22:55:25,0.052
11/22/2020,22:55:26,0.057
11/22/2020,22:55:27,0.049
11/22/2020,22:55:28,0.058
11/22/2020,22:55:29,0.071
11/22/2020,22:55:30,0.054
11/22/2020,22:55:31,0.071
11/22/2020,22:55:32,0.042
11/22/2020,22:55:33,0.055
11/22/2020,22:55:34,0.052
11/22/2020,22:55:35,0.048
11/22/2020,22:55:36,0.054
11/22/2020,22:55:37,0.055
11/22/2020,22:55:38,0.06
11/22/2020,22:55:39,0.073
11/22/2020,22:55:40,0.086
11/22/2020,22:55:41,0.081
11/22/2020,22:55:42,0.08
11/22/2020,22:55:43,0.075
11/22/2020,22:55:44,0.072
11/22/2020,22:55:45,0.079
11/22/2020,22:55:46,0.078
11/22/2020,22:55:47,0.07
11/22/2020,22:55:48,0.075
11/22/2020,22:55:49,0.066
11/22/2020,22:55:50,0.063
11/22/2020,22:55:51,0.072
11/22/2020,22:55:52,0.067
11/22/2020,22:55:53,0.081
11/22/2020,22:55:54,0.067
11/22/2020,22:55:55,0.072
11/22/2020,22:55:56,0.068
11/22/2020,22:55:57,0.069
11/22/2020,22:55:58,0.071
11/22/2020,22:55:59,0.057
11/22/2020,22:56:00,0.066
11/22/2020,22:56:01,0.052
11/22/2020,22:56:02,0.049
11/22/2020,22:56:03,0.049
11/22/2020,22:56:04,0.056
11/22/2020,22:56:05,0.04
11/22/2020,22:56:06,0.052

Instrument Name:,SidePak Aerosol Monitor
Model Number:,AM520
Serial Number:,5201704010
Test Name:,Test 60
Start Date:,11/22/2020
Start Time:,11:55:06
Duration (dd:hh:mm:ss):,00:00:01:00
Log Interval (mm:ss):,00:01
Number of points:,60
Description:,

Statistics Channel: ,Aerosol
,Units:,mg/m³
,Average:,0.055
,Minimum:,0.036
,Time of Minimum:,11:55:40
,Date of Minimum:,11/22/2020
,Maximum:,0.072
,Time of Maximum:,11:55:27
,Date of Maximum:,11/22/2020

,TWA:,N/A

Calibration Sensor: ,Aerosol
,Cal factor:,1
,Cal date:,11/03/2020
,Cal name:,USER1 

Date,Time,Concentration
MM/dd/yyyy,HH:mm:ss,mg/m³
11/22/2020,23:55:07,0.068
11/22/2020,23:55:08,0.069
11/22/2020,23:55:09,0.058
11/22/2020,23:55:10,0.057
11/22/2020,23:55:11,0.06
11/22/2020,23:55:12,0.055
11/22/2020,23:55:13,0.053
11/22/2020,23:55:14,0.043
11/22/2020,23:55:15,0.042
11/22/2020,23:55:16,0.046
11/22/2020,23:55:17,0.045
11/22/2020,23:55:18,0.041
11/22/2020,23:55:19,0.05
11/22/2020,23:55:20,0.051
11/22/2020,23:55:21,0.042
11/22/2020,23:55:22,0.047
11/22/2020,23:55:23,0.047
11/22/2020,23:55:24,0.047
11/22/2020,23:55:25,0.064
11/22/2020,23:55:26,0.063
11/22/2020,23:55:27,0.072
11/22/2020,23:55:28,0.062
11/22/2020,23:55:29,0.07
11/22/2020,23:55:30,0.063
11/22/2020,23:55:31,0.071
11/22/2020,23:55:32,0.061
11/22/2020,23:55:33,0.064
11/22/2020,23:55:34,0.056
11/22/2020,23:55:35,0.062
11/22/2020,23:55:36,0.043
11/22/2020,23:55:37,0.046
11/22/2020,23:55:38,0.045
11/22/2020,23:55:39,0.043
11/22/2020,23:55:40,0.036
11/22/2020,23:55:41,0.052
11/22/2020,23:55:42,0.045
11/22/2020,23:55:43,0.039
11/22/2020,23:55:44,0.049
11/22/2020,23:55:45,0.052
11/22/2020,23:55:46,0.058
11/22/2020,23:55:47,0.054
11/22/2020,23:55:48,0.045
11/22/2020,23:55:49,0.049
11/22/2020,23:55:50,0.047
11/22/2020,23:55:51,0.052
11/22/2020,23:55:52,0.062
11/22/2020,23:55:53,0.059
11/22/2020,23:55:54,0.064
11/22/2020,23:55:55,0.062
11/22/2020,23:55:56,0.066
11/22/2020,23:55:57,0.071
11/22/2020,23:55:58,0.06
11/22/2020,23:55:59,0.07
11/22/2020,23:56:00,0.06
11/22/2020,23:56:01,0.054
11/22/2020,23:56:02,0.064
11/22/2020,23:56:03,0.067
11/22/2020,23:56:04,0.059
11/22/2020,23:56:05,0.058
11/22/2020,23:56:06,0.054

Instrument Name:,SidePak Aerosol Monitor
Model Number:,AM520
Serial Number:,5201704010
Test Name:,Test 61
Start Date:,11/23/2020
Start Time:,12:55:07
Duration (dd:hh:mm:ss):,00:00:01:00
Log Interval (mm:ss):,00:01
Number of points:,60
Description:,

Statistics Channel: ,Aerosol
,Units:,mg/m³
,Average:,0.05
,Minimum:,0.034
,Time of Minimum:,12:55:45
,Date of Minimum:,11/23/2020
,Maximum:,0.075
,Time of Maximum:,12:56:04
,Date of Maximum:,11/23/2020

,TWA:,N/A

Calibration Sensor: ,Aerosol
,Cal factor:,1
,Cal date:,11/03/2020
,Cal name:,USER1 

Date,Time,Concentration
MM/dd/yyyy,HH:mm:ss,mg/m³
11/23/2020,00:55:08,0.054
11/23/2020,00:55:09,0.041
11/23/2020,00:55:10,0.051
11/23/2020,00:55:11,0.045
11/23/2020,00:55:12,0.035
11/23/2020,00:55:13,0.038
11/23/2020,00:55:14,0.039
11/23/2020,00:55:15,0.041
11/23/2020,00:55:16,0.047
11/23/2020,00:55:17,0.045
11/23/2020,00:55:18,0.045
11/23/2020,00:55:19,0.053
11/23/2020,00:55:20,0.045
11/23/2020,00:55:21,0.049
11/23/2020,00:55:22,0.054
11/23/2020,00:55:23,0.052
11/23/2020,00:55:24,0.053
11/23/2020,00:55:25,0.054
11/23/2020,00:55:26,0.067
11/23/2020,00:55:27,0.053
11/23/2020,00:55:28,0.063
11/23/2020,00:55:29,0.045
11/23/2020,00:55:30,0.054
11/23/2020,00:55:31,0.048
11/23/2020,00:55:32,0.04
11/23/2020,00:55:33,0.044
11/23/2020,00:55:34,0.053
11/23/2020,00:55:35,0.041
11/23/2020,00:55:36,0.038
11/23/2020,00:55:37,0.036
11/23/2020,00:55:38,0.037
11/23/2020,00:55:39,0.038
11/23/2020,00:55:40,0.038
11/23/2020,00:55:41,0.044
11/23/2020,00:55:42,0.035
11/23/2020,00:55:43,0.034
11/23/2020,00:55:44,0.069
11/23/2020,00:55:45,0.034
11/23/2020,00:55:46,0.046
11/23/2020,00:55:47,0.04
11/23/2020,00:55:48,0.046
11/23/2020,00:55:49,0.046
11/23/2020,00:55:50,0.06
11/23/2020,00:55:51,0.055
11/23/2020,00:55:52,0.055
11/23/2020,00:55:53,0.053
11/23/2020,00:55:54,0.055
11/23/2020,00:55:55,0.058
11/23/2020,00:55:56,0.063
11/23/2020,00:55:57,0.045
11/23/2020,00:55:58,0.069
11/23/2020,00:55:59,0.056
11/23/2020,00:56:00,0.051
11/23/2020,00:56:01,0.052
11/23/2020,00:56:02,0.058
11/23/2020,00:56:03,0.069
11/23/2020,00:56:04,0.075
11/23/2020,00:56:05,0.069
11/23/2020,00:56:06,0.056
11/23/2020,00:56:07,0.046

Instrument Name:,SidePak Aerosol Monitor
Model Number:,AM520
Serial Number:,5201704010
Test Name:,Test 62
Start Date:,11/23/2020
Start Time:,01:55:07
Duration (dd:hh:mm:ss):,00:00:01:00
Log Interval (mm:ss):,00:01
Number of points:,60
Description:,

Statistics Channel: ,Aerosol
,Units:,mg/m³
,Average:,0.04
,Minimum:,0.02
,Time of Minimum:,01:55:10
,Date of Minimum:,11/23/2020
,Maximum:,0.063
,Time of Maximum:,01:55:43
,Date of Maximum:,11/23/2020

,TWA:,N/A

Calibration Sensor: ,Aerosol
,Cal factor:,1
,Cal date:,11/03/2020
,Cal name:,USER1 

Date,Time,Concentration
MM/dd/yyyy,HH:mm:ss,mg/m³
11/23/2020,01:55:08,0.039
11/23/2020,01:55:09,0.033
11/23/2020,01:55:10,0.02
11/23/2020,01:55:11,0.029
11/23/2020,01:55:12,0.039
11/23/2020,01:55:13,0.037
11/23/2020,01:55:14,0.03
11/23/2020,01:55:15,0.033
11/23/2020,01:55:16,0.04
11/23/2020,01:55:17,0.032
11/23/2020,01:55:18,0.044
11/23/2020,01:55:19,0.048
11/23/2020,01:55:20,0.039
11/23/2020,01:55:21,0.043
11/23/2020,01:55:22,0.04
11/23/2020,01:55:23,0.045
11/23/2020,01:55:24,0.038
11/23/2020,01:55:25,0.043
11/23/2020,01:55:26,0.048
11/23/2020,01:55:27,0.046
11/23/2020,01:55:28,0.045
11/23/2020,01:55:29,0.052
11/23/2020,01:55:30,0.046
11/23/2020,01:55:31,0.058
11/23/2020,01:55:32,0.045
11/23/2020,01:55:33,0.041
11/23/2020,01:55:34,0.046
11/23/2020,01:55:35,0.051
11/23/2020,01:55:36,0.057
11/23/2020,01:55:37,0.038
11/23/2020,01:55:38,0.044
11/23/2020,01:55:39,0.047
11/23/2020,01:55:40,0.038
11/23/2020,01:55:41,0.039
11/23/2020,01:55:42,0.046
11/23/2020,01:55:43,0.063
11/23/2020,01:55:44,0.039
11/23/2020,01:55:45,0.039
11/23/2020,01:55:46,0.044
11/23/2020,01:55:47,0.042
11/23/2020,01:55:48,0.035
11/23/2020,01:55:49,0.048
11/23/2020,01:55:50,0.049
11/23/2020,01:55:51,0.039
11/23/2020,01:55:52,0.03
11/23/2020,01:55:53,0.038
11/23/2020,01:55:54,0.033
11/23/2020,01:55:55,0.033
11/23/2020,01:55:56,0.034
11/23/2020,01:55:57,0.027
11/23/2020,01:55:58,0.031
11/23/2020,01:55:59,0.035
11/23/2020,01:56:00,0.026
11/23/2020,01:56:01,0.03
11/23/2020,01:56:02,0.029
11/23/2020,01:56:03,0.048
11/23/2020,01:56:04,0.039
11/23/2020,01:56:05,0.045
11/23/2020,01:56:06,0.027
11/23/2020,01:56:07,0.029

Instrument Name:,SidePak Aerosol Monitor
Model Number:,AM520
Serial Number:,5201704010
Test Name:,Test 63
Start Date:,11/23/2020
Start Time:,02:55:07
Duration (dd:hh:mm:ss):,00:00:01:00
Log Interval (mm:ss):,00:01
Number of points:,60
Description:,

Statistics Channel: ,Aerosol
,Units:,mg/m³
,Average:,0.032
,Minimum:,0.018
,Time of Minimum:,02:55:49
,Date of Minimum:,11/23/2020
,Maximum:,0.05
,Time of Maximum:,02:56:06
,Date of Maximum:,11/23/2020

,TWA:,N/A

Calibration Sensor: ,Aerosol
,Cal factor:,1
,Cal date:,11/03/2020
,Cal name:,USER1 

Date,Time,Concentration
MM/dd/yyyy,HH:mm:ss,mg/m³
11/23/2020,02:55:08,0.019
11/23/2020,02:55:09,0.027
11/23/2020,02:55:10,0.026
11/23/2020,02:55:11,0.027
11/23/2020,02:55:12,0.035
11/23/2020,02:55:13,0.034
11/23/2020,02:55:14,0.042
11/23/2020,02:55:15,0.047
11/23/2020,02:55:16,0.042
11/23/2020,02:55:17,0.035
11/23/2020,02:55:18,0.032
11/23/2020,02:55:19,0.025
11/23/2020,02:55:20,0.021
11/23/2020,02:55:21,0.02
11/23/2020,02:55:22,0.024
11/23/2020,02:55:23,0.021
11/23/2020,02:55:24,0.022
11/23/2020,02:55:25,0.02
11/23/2020,02:55:26,0.028
11/23/2020,02:55:27,0.031
11/23/2020,02:55:28,0.026
11/23/2020,02:55:29,0.036
11/23/2020,02:55:30,0.034
11/23/2020,02:55:31,0.044
11/23/2020,02:55:32,0.033
11/23/2020,02:55:33,0.034
11/23/2020,02:55:34,0.037
11/23/2020,02:55:35,0.035
11/23/2020,02:55:36,0.037
11/23/2020,02:55:37,0.03
11/23/2020,02:55:38,0.036
11/23/2020,02:55:39,0.031
11/23/2020,02:55:40,0.032
11/23/2020,02:55:41,0.03
11/23/2020,02:55:42,0.03
11/23/2020,02:55:43,0.042
11/23/2020,02:55:44,0.025
11/23/2020,02:55:45,0.023
11/23/2020,02:55:46,0.044
11/23/2020,02:55:47,0.028
11/23/2020,02:55:48,0.025
11/23/2020,02:55:49,0.018
11/23/2020,02:55:50,0.028
11/23/2020,02:55:51,0.033
11/23/2020,02:55:52,0.032
11/23/2020,02:55:53,0.024
11/23/2020,02:55:54,0.035
11/23/2020,02:55:55,0.027
11/23/2020,02:55:56,0.038
11/23/2020,02:55:57,0.039
11/23/2020,02:55:58,0.035
11/23/2020,02:55:59,0.034
11/23/2020,02:56:00,0.043
11/23/2020,02:56:01,0.042
11/23/2020,02:56:02,0.04
11/23/2020,02:56:03,0.039
11/23/2020,02:56:04,0.045
11/23/2020,02:56:05,0.033
11/23/2020,02:56:06,0.05
11/23/2020,02:56:07,0.041

Instrument Name:,SidePak Aerosol Monitor
Model Number:,AM520
Serial Number:,5201704010
Test Name:,Test 64
Start Date:,11/23/2020
Start Time:,03:55:07
Duration (dd:hh:mm:ss):,00:00:01:00
Log Interval (mm:ss):,00:01
Number of points:,60
Description:,

Statistics Channel: ,Aerosol
,Units:,mg/m³
,Average:,0.02
,Minimum:,0.011
,Time of Minimum:,03:55:49
,Date of Minimum:,11/23/2020
,Maximum:,0.045
,Time of Maximum:,03:55:58
,Date of Maximum:,11/23/2020

,TWA:,N/A

Calibration Sensor: ,Aerosol
,Cal factor:,1
,Cal date:,11/03/2020
,Cal name:,USER1 

Date,Time,Concentration
MM/dd/yyyy,HH:mm:ss,mg/m³
11/23/2020,03:55:08,0.015
11/23/2020,03:55:09,0.012
11/23/2020,03:55:10,0.013
11/23/2020,03:55:11,0.015
11/23/2020,03:55:12,0.011
11/23/2020,03:55:13,0.015
11/23/2020,03:55:14,0.02
11/23/2020,03:55:15,0.016
11/23/2020,03:55:16,0.017
11/23/2020,03:55:17,0.015
11/23/2020,03:55:18,0.014
11/23/2020,03:55:19,0.02
11/23/2020,03:55:20,0.017
11/23/2020,03:55:21,0.012
11/23/2020,03:55:22,0.016
11/23/2020,03:55:23,0.018
11/23/2020,03:55:24,0.014
11/23/2020,03:55:25,0.021
11/23/2020,03:55:26,0.016
11/23/2020,03:55:27,0.018
11/23/2020,03:55:28,0.021
11/23/2020,03:55:29,0.012
11/23/2020,03:55:30,0.02
11/23/2020,03:55:31,0.022
11/23/2020,03:55:32,0.011
11/23/2020,03:55:33,0.013
11/23/2020,03:55:34,0.022
11/23/2020,03:55:35,0.026
11/23/2020,03:55:36,0.024
11/23/2020,03:55:37,0.038
11/23/2020,03:55:38,0.021
11/23/2020,03:55:39,0.015
11/23/2020,03:55:40,0.015
11/23/2020,03:55:41,0.022
11/23/2020,03:55:42,0.014
11/23/2020,03:55:43,0.014
11/23/2020,03:55:44,0.025
11/23/2020,03:55:45,0.015
11/23/2020,03:55:46,0.016
11/23/2020,03:55:47,0.016
11/23/2020,03:55:48,0.013
11/23/2020,03:55:49,0.011
11/23/2020,03:55:50,0.016
11/23/2020,03:55:51,0.028
11/23/2020,03:55:52,0.016
11/23/2020,03:55:53,0.023
11/23/2020,03:55:54,0.02
11/23/2020,03:55:55,0.025
11/23/2020,03:55:56,0.031
11/23/2020,03:55:57,0.029
11/23/2020,03:55:58,0.045
11/23/2020,03:55:59,0.026
11/23/2020,03:56:00,0.029
11/23/2020,03:56:01,0.037
11/23/2020,03:56:02,0.039
11/23/2020,03:56:03,0.028
11/23/2020,03:56:04,0.028
11/23/2020,03:56:05,0.021
11/23/2020,03:56:06,0.033
11/23/2020,03:56:07,0.016

Instrument Name:,SidePak Aerosol Monitor
Model Number:,AM520
Serial Number:,5201704010
Test Name:,Test 65
Start Date:,11/23/2020
Start Time:,04:55:07
Duration (dd:hh:mm:ss):,00:00:01:00
Log Interval (mm:ss):,00:01
Number of points:,60
Description:,

Statistics Channel: ,Aerosol
,Units:,mg/m³
,Average:,0.024
,Minimum:,0.007
,Time of Minimum:,04:55:58
,Date of Minimum:,11/23/2020
,Maximum:,0.068
,Time of Maximum:,04:56:01
,Date of Maximum:,11/23/2020

,TWA:,N/A

Calibration Sensor: ,Aerosol
,Cal factor:,1
,Cal date:,11/03/2020
,Cal name:,USER1 

Date,Time,Concentration
MM/dd/yyyy,HH:mm:ss,mg/m³
11/23/2020,04:55:08,0.022
11/23/2020,04:55:09,0.028
11/23/2020,04:55:10,0.027
11/23/2020,04:55:11,0.026
11/23/2020,04:55:12,0.041
11/23/2020,04:55:13,0.025
11/23/2020,04:55:14,0.026
11/23/2020,04:55:15,0.027
11/23/2020,04:55:16,0.029
11/23/2020,04:55:17,0.025
11/23/2020,04:55:18,0.024
11/23/2020,04:55:19,0.022
11/23/2020,04:55:20,0.03
11/23/2020,04:55:21,0.046
11/23/2020,04:55:22,0.021
11/23/2020,04:55:23,0.02
11/23/2020,04:55:24,0.019
11/23/2020,04:55:25,0.022
11/23/2020,04:55:26,0.02
11/23/2020,04:55:27,0.019
11/23/2020,04:55:28,0.02
11/23/2020,04:55:29,0.026
11/23/2020,04:55:30,0.026
11/23/2020,04:55:31,0.022
11/23/2020,04:55:32,0.023
11/23/2020,04:55:33,0.02
11/23/2020,04:55:34,0.034
11/23/2020,04:55:35,0.027
11/23/2020,04:55:36,0.027
11/23/2020,04:55:37,0.029
11/23/2020,04:55:38,0.026
11/23/2020,04:55:39,0.04
11/23/2020,04:55:40,0.033
11/23/2020,04:55:41,0.03
11/23/2020,04:55:42,0.03
11/23/2020,04:55:43,0.025
11/23/2020,04:55:44,0.024
11/23/2020,04:55:45,0.024
11/23/2020,04:55:46,0.033
11/23/2020,04:55:47,0.019
11/23/2020,04:55:48,0.021
11/23/2020,04:55:49,0.019
11/23/2020,04:55:50,0.019
11/23/2020,04:55:51,0.018
11/23/2020,04:55:52,0.015
11/23/2020,04:55:53,0.014
11/23/2020,04:55:54,0.01
11/23/2020,04:55:55,0.012
11/23/2020,04:55:56,0.017
11/23/2020,04:55:57,0.016
11/23/2020,04:55:58,0.007
11/23/2020,04:55:59,0.015
11/23/2020,04:56:00,0.011
11/23/2020,04:56:01,0.068
11/23/2020,04:56:02,0.025
11/23/2020,04:56:03,0.011
11/23/2020,04:56:04,0.009
11/23/2020,04:56:05,0.025
11/23/2020,04:56:06,0.022
11/23/2020,04:56:07,0.02

Instrument Name:,SidePak Aerosol Monitor
Model Number:,AM520
Serial Number:,5201704010
Test Name:,Test 66
Start Date:,11/23/2020
Start Time:,05:55:07
Duration (dd:hh:mm:ss):,00:00:01:00
Log Interval (mm:ss):,00:01
Number of points:,60
Description:,

Statistics Channel: ,Aerosol
,Units:,mg/m³
,Average:,0.024
,Minimum:,0.019
,Time of Minimum:,05:55:38
,Date of Minimum:,11/23/2020
,Maximum:,0.036
,Time of Maximum:,05:55:14
,Date of Maximum:,11/23/2020

,TWA:,N/A

Calibration Sensor: ,Aerosol
,Cal factor:,1
,Cal date:,11/03/2020
,Cal name:,USER1 

Date,Time,Concentration
MM/dd/yyyy,HH:mm:ss,mg/m³
11/23/2020,05:55:08,0.023
11/23/2020,05:55:09,0.022
11/23/2020,05:55:10,0.02
11/23/2020,05:55:11,0.026
11/23/2020,05:55:12,0.022
11/23/2020,05:55:13,0.024
11/23/2020,05:55:14,0.036
11/23/2020,05:55:15,0.031
11/23/2020,05:55:16,0.023
11/23/2020,05:55:17,0.023
11/23/2020,05:55:18,0.023
11/23/2020,05:55:19,0.022
11/23/2020,05:55:20,0.023
11/23/2020,05:55:21,0.031
11/23/2020,05:55:22,0.024
11/23/2020,05:55:23,0.019
11/23/2020,05:55:24,0.024
11/23/2020,05:55:25,0.022
11/23/2020,05:55:26,0.023
11/23/2020,05:55:27,0.025
11/23/2020,05:55:28,0.023
11/23/2020,05:55:29,0.021
11/23/2020,05:55:30,0.023
11/23/2020,05:55:31,0.023
11/23/2020,05:55:32,0.024
11/23/2020,05:55:33,0.023
11/23/2020,05:55:34,0.024
11/23/2020,05:55:35,0.021
11/23/2020,05:55:36,0.028
11/23/2020,05:55:37,0.023
11/23/2020,05:55:38,0.019
11/23/2020,05:55:39,0.025
11/23/2020,05:55:40,0.029
11/23/2020,05:55:41,0.025
11/23/2020,05:55:42,0.023
11/23/2020,05:55:43,0.021
11/23/2020,05:55:44,0.026
11/23/2020,05:55:45,0.02
11/23/2020,05:55:46,0.025
11/23/2020,05:55:47,0.026
11/23/2020,05:55:48,0.022
11/23/2020,05:55:49,0.024
11/23/2020,05:55:50,0.021
11/23/2020,05:55:51,0.022
11/23/2020,05:55:52,0.031
11/23/2020,05:55:53,0.021
11/23/2020,05:55:54,0.03
11/23/2020,05:55:55,0.026
11/23/2020,05:55:56,0.023
11/23/2020,05:55:57,0.021
11/23/2020,05:55:58,0.032
11/23/2020,05:55:59,0.021
11/23/2020,05:56:00,0.024
11/23/2020,05:56:01,0.023
11/23/2020,05:56:02,0.02
11/23/2020,05:56:03,0.021
11/23/2020,05:56:04,0.025
11/23/2020,05:56:05,0.021
11/23/2020,05:56:06,0.02
11/23/2020,05:56:07,0.022

Instrument Name:,SidePak Aerosol Monitor
Model Number:,AM520
Serial Number:,5201704010
Test Name:,Test 67
Start Date:,11/23/2020
Start Time:,06:55:07
Duration (dd:hh:mm:ss):,00:00:01:00
Log Interval (mm:ss):,00:01
Number of points:,60
Description:,

Statistics Channel: ,Aerosol
,Units:,mg/m³
,Average:,0.019
,Minimum:,0.003
,Time of Minimum:,06:55:28
,Date of Minimum:,11/23/2020
,Maximum:,0.055
,Time of Maximum:,06:55:14
,Date of Maximum:,11/23/2020

,TWA:,N/A

Calibration Sensor: ,Aerosol
,Cal factor:,1
,Cal date:,11/03/2020
,Cal name:,USER1 

Date,Time,Concentration
MM/dd/yyyy,HH:mm:ss,mg/m³
11/23/2020,06:55:08,0.026
11/23/2020,06:55:09,0.026
11/23/2020,06:55:10,0.022
11/23/2020,06:55:11,0.018
11/23/2020,06:55:12,0.022
11/23/2020,06:55:13,0.023
11/23/2020,06:55:14,0.055
11/23/2020,06:55:15,0.017
11/23/2020,06:55:16,0.019
11/23/2020,06:55:17,0.017
11/23/2020,06:55:18,0.018
11/23/2020,06:55:19,0.017
11/23/2020,06:55:20,0.019
11/23/2020,06:55:21,0.012
11/23/2020,06:55:22,0.01
11/23/2020,06:55:23,0.013
11/23/2020,06:55:24,0.01
11/23/2020,06:55:25,0.016
11/23/2020,06:55:26,0.01
11/23/2020,06:55:27,0.014
11/23/2020,06:55:28,0.003
11/23/2020,06:55:29,0.016
11/23/2020,06:55:30,0.016
11/23/2020,06:55:31,0.013
11/23/2020,06:55:32,0.009
11/23/2020,06:55:33,0.015
11/23/2020,06:55:34,0.011
11/23/2020,06:55:35,0.014
11/23/2020,06:55:36,0.017
11/23/2020,06:55:37,0.017
11/23/2020,06:55:38,0.024
11/23/2020,06:55:39,0.019
11/23/2020,06:55:40,0.021
11/23/2020,06:55:41,0.027
11/23/2020,06:55:42,0.026
11/23/2020,06:55:43,0.025
11/23/2020,06:55:44,0.027
11/23/2020,06:55:45,0.03
11/23/2020,06:55:46,0.037
11/23/2020,06:55:47,0.024
11/23/2020,06:55:48,0.026
11/23/2020,06:55:49,0.023
11/23/2020,06:55:50,0.021
11/23/2020,06:55:51,0.017
11/23/2020,06:55:52,0.021
11/23/2020,06:55:53,0.016
11/23/2020,06:55:54,0.02
11/23/2020,06:55:55,0.014
11/23/2020,06:55:56,0.017
11/23/2020,06:55:57,0.014
11/23/2020,06:55:58,0.015
11/23/2020,06:55:59,0.013
11/23/2020,06:56:00,0.014
11/23/2020,06:56:01,0.015
11/23/2020,06:56:02,0.024
11/23/2020,06:56:03,0.016
11/23/2020,06:56:04,0.015
11/23/2020,06:56:05,0.013
11/23/2020,06:56:06,0.017
11/23/2020,06:56:07,0.015

Instrument Name:,SidePak Aerosol Monitor
Model Number:,AM520
Serial Number:,5201704010
Test Name:,Test 68
Start Date:,11/23/2020
Start Time:,07:55:08
Duration (dd:hh:mm:ss):,00:00:01:00
Log Interval (mm:ss):,00:01
Number of points:,60
Description:,

Statistics Channel: ,Aerosol
,Units:,mg/m³
,Average:,0.023
,Minimum:,0.01
,Time of Minimum:,07:55:29
,Date of Minimum:,11/23/2020
,Maximum:,0.052
,Time of Maximum:,07:55:18
,Date of Maximum:,11/23/2020

,TWA:,N/A

Calibration Sensor: ,Aerosol
,Cal factor:,1
,Cal date:,11/03/2020
,Cal name:,USER1 

Date,Time,Concentration
MM/dd/yyyy,HH:mm:ss,mg/m³
11/23/2020,07:55:09,0.02
11/23/2020,07:55:10,0.027
11/23/2020,07:55:11,0.027
11/23/2020,07:55:12,0.025
11/23/2020,07:55:13,0.026
11/23/2020,07:55:14,0.035
11/23/2020,07:55:15,0.033
11/23/2020,07:55:16,0.03
11/23/2020,07:55:17,0.028
11/23/2020,07:55:18,0.052
11/23/2020,07:55:19,0.03
11/23/2020,07:55:20,0.027
11/23/2020,07:55:21,0.023
11/23/2020,07:55:22,0.023
11/23/2020,07:55:23,0.021
11/23/2020,07:55:24,0.021
11/23/2020,07:55:25,0.018
11/23/2020,07:55:26,0.017
11/23/2020,07:55:27,0.013
11/23/2020,07:55:28,0.014
11/23/2020,07:55:29,0.01
11/23/2020,07:55:30,0.019
11/23/2020,07:55:31,0.011
11/23/2020,07:55:32,0.014
11/23/2020,07:55:33,0.016
11/23/2020,07:55:34,0.021
11/23/2020,07:55:35,0.014
11/23/2020,07:55:36,0.02
11/23/2020,07:55:37,0.022
11/23/2020,07:55:38,0.031
11/23/2020,07:55:39,0.027
11/23/2020,07:55:40,0.024
11/23/2020,07:55:41,0.027
11/23/2020,07:55:42,0.031
11/23/2020,07:55:43,0.028
11/23/2020,07:55:44,0.034
11/23/2020,07:55:45,0.029
11/23/2020,07:55:46,0.033
11/23/2020,07:55:47,0.03
11/23/2020,07:55:48,0.037
11/23/2020,07:55:49,0.028
11/23/2020,07:55:50,0.026
11/23/2020,07:55:51,0.031
11/23/2020,07:55:52,0.027
11/23/2020,07:55:53,0.018
11/23/2020,07:55:54,0.021
11/23/2020,07:55:55,0.022
11/23/2020,07:55:56,0.02
11/23/2020,07:55:57,0.017
11/23/2020,07:55:58,0.018
11/23/2020,07:55:59,0.017
11/23/2020,07:56:00,0.023
11/23/2020,07:56:01,0.014
11/23/2020,07:56:02,0.021
11/23/2020,07:56:03,0.019
11/23/2020,07:56:04,0.022
11/23/2020,07:56:05,0.018
11/23/2020,07:56:06,0.017
11/23/2020,07:56:07,0.016
11/23/2020,07:56:08,0.015

Instrument Name:,SidePak Aerosol Monitor
Model Number:,AM520
Serial Number:,5201704010
Test Name:,Test 69
Start Date:,11/23/2020
Start Time:,08:55:08
Duration (dd:hh:mm:ss):,00:00:01:00
Log Interval (mm:ss):,00:01
Number of points:,60
Description:,

Statistics Channel: ,Aerosol
,Units:,mg/m³
,Average:,0.04
,Minimum:,0.026
,Time of Minimum:,08:55:50
,Date of Minimum:,11/23/2020
,Maximum:,0.062
,Time of Maximum:,08:56:08
,Date of Maximum:,11/23/2020

,TWA:,N/A

Calibration Sensor: ,Aerosol
,Cal factor:,1
,Cal date:,11/03/2020
,Cal name:,USER1 

Date,Time,Concentration
MM/dd/yyyy,HH:mm:ss,mg/m³
11/23/2020,08:55:09,0.045
11/23/2020,08:55:10,0.049
11/23/2020,08:55:11,0.041
11/23/2020,08:55:12,0.04
11/23/2020,08:55:13,0.056
11/23/2020,08:55:14,0.042
11/23/2020,08:55:15,0.041
11/23/2020,08:55:16,0.041
11/23/2020,08:55:17,0.042
11/23/2020,08:55:18,0.044
11/23/2020,08:55:19,0.04
11/23/2020,08:55:20,0.058
11/23/2020,08:55:21,0.039
11/23/2020,08:55:22,0.055
11/23/2020,08:55:23,0.041
11/23/2020,08:55:24,0.041
11/23/2020,08:55:25,0.04
11/23/2020,08:55:26,0.037
11/23/2020,08:55:27,0.04
11/23/2020,08:55:28,0.04
11/23/2020,08:55:29,0.033
11/23/2020,08:55:30,0.041
11/23/2020,08:55:31,0.057
11/23/2020,08:55:32,0.036
11/23/2020,08:55:33,0.039
11/23/2020,08:55:34,0.035
11/23/2020,08:55:35,0.032
11/23/2020,08:55:36,0.035
11/23/2020,08:55:37,0.03
11/23/2020,08:55:38,0.052
11/23/2020,08:55:39,0.034
11/23/2020,08:55:40,0.039
11/23/2020,08:55:41,0.027
11/23/2020,08:55:42,0.039
11/23/2020,08:55:43,0.036
11/23/2020,08:55:44,0.027
11/23/2020,08:55:45,0.038
11/23/2020,08:55:46,0.037
11/23/2020,08:55:47,0.039
11/23/2020,08:55:48,0.027
11/23/2020,08:55:49,0.037
11/23/2020,08:55:50,0.026
11/23/2020,08:55:51,0.045
11/23/2020,08:55:52,0.029
11/23/2020,08:55:53,0.031
11/23/2020,08:55:54,0.029
11/23/2020,08:55:55,0.049
11/23/2020,08:55:56,0.034
11/23/2020,08:55:57,0.033
11/23/2020,08:55:58,0.03
11/23/2020,08:55:59,0.035
11/23/2020,08:56:00,0.038
11/23/2020,08:56:01,0.047
11/23/2020,08:56:02,0.036
11/23/2020,08:56:03,0.034
11/23/2020,08:56:04,0.04
11/23/2020,08:56:05,0.035
11/23/2020,08:56:06,0.043
11/23/2020,08:56:07,0.056
11/23/2020,08:56:08,0.062

Instrument Name:,SidePak Aerosol Monitor
Model Number:,AM520
Serial Number:,5201704010
Test Name:,Test 70
Start Date:,11/23/2020
Start Time:,09:55:08
Duration (dd:hh:mm:ss):,00:00:01:00
Log Interval (mm:ss):,00:01
Number of points:,60
Description:,

Statistics Channel: ,Aerosol
,Units:,mg/m³
,Average:,0.052
,Minimum:,0.035
,Time of Minimum:,09:55:34
,Date of Minimum:,11/23/2020
,Maximum:,0.086
,Time of Maximum:,09:55:51
,Date of Maximum:,11/23/2020

,TWA:,N/A

Calibration Sensor: ,Aerosol
,Cal factor:,1
,Cal date:,11/03/2020
,Cal name:,USER1 

Date,Time,Concentration
MM/dd/yyyy,HH:mm:ss,mg/m³
11/23/2020,09:55:09,0.042
11/23/2020,09:55:10,0.042
11/23/2020,09:55:11,0.039
11/23/2020,09:55:12,0.039
11/23/2020,09:55:13,0.041
11/23/2020,09:55:14,0.049
11/23/2020,09:55:15,0.051
11/23/2020,09:55:16,0.044
11/23/2020,09:55:17,0.041
11/23/2020,09:55:18,0.051
11/23/2020,09:55:19,0.055
11/23/2020,09:55:20,0.061
11/23/2020,09:55:21,0.049
11/23/2020,09:55:22,0.063
11/23/2020,09:55:23,0.057
11/23/2020,09:55:24,0.047
11/23/2020,09:55:25,0.056
11/23/2020,09:55:26,0.057
11/23/2020,09:55:27,0.048
11/23/2020,09:55:28,0.052
11/23/2020,09:55:29,0.043
11/23/2020,09:55:30,0.05
11/23/2020,09:55:31,0.053
11/23/2020,09:55:32,0.046
11/23/2020,09:55:33,0.042
11/23/2020,09:55:34,0.035
11/23/2020,09:55:35,0.051
11/23/2020,09:55:36,0.037
11/23/2020,09:55:37,0.046
11/23/2020,09:55:38,0.041
11/23/2020,09:55:39,0.045
11/23/2020,09:55:40,0.043
11/23/2020,09:55:41,0.061
11/23/2020,09:55:42,0.052
11/23/2020,09:55:43,0.054
11/23/2020,09:55:44,0.046
11/23/2020,09:55:45,0.061
11/23/2020,09:55:46,0.048
11/23/2020,09:55:47,0.049
11/23/2020,09:55:48,0.062
11/23/2020,09:55:49,0.056
11/23/2020,09:55:50,0.053
11/23/2020,09:55:51,0.086
11/23/2020,09:55:52,0.05
11/23/2020,09:55:53,0.049
11/23/2020,09:55:54,0.057
11/23/2020,09:55:55,0.057
11/23/2020,09:55:56,0.062
11/23/2020,09:55:57,0.06
11/23/2020,09:55:58,0.061
11/23/2020,09:55:59,0.059
11/23/2020,09:56:00,0.056
11/23/2020,09:56:01,0.054
11/23/2020,09:56:02,0.049
11/23/2020,09:56:03,0.059
11/23/2020,09:56:04,0.068
11/23/2020,09:56:05,0.063
11/23/2020,09:56:06,0.053
11/23/2020,09:56:07,0.061
11/23/2020,09:56:08,0.081

Instrument Name:,SidePak Aerosol Monitor
Model Number:,AM520
Serial Number:,5201704010
Test Name:,Test 71
Start Date:,11/23/2020
Start Time:,10:55:08
Duration (dd:hh:mm:ss):,00:00:01:00
Log Interval (mm:ss):,00:01
Number of points:,60
Description:,

Statistics Channel: ,Aerosol
,Units:,mg/m³
,Average:,0.04
,Minimum:,0.02
,Time of Minimum:,10:55:54
,Date of Minimum:,11/23/2020
,Maximum:,0.059
,Time of Maximum:,10:56:04
,Date of Maximum:,11/23/2020

,TWA:,N/A

Calibration Sensor: ,Aerosol
,Cal factor:,1
,Cal date:,11/03/2020
,Cal name:,USER1 

Date,Time,Concentration
MM/dd/yyyy,HH:mm:ss,mg/m³
11/23/2020,10:55:09,0.032
11/23/2020,10:55:10,0.032
11/23/2020,10:55:11,0.044
11/23/2020,10:55:12,0.035
11/23/2020,10:55:13,0.035
11/23/2020,10:55:14,0.038
11/23/2020,10:55:15,0.039
11/23/2020,10:55:16,0.042
11/23/2020,10:55:17,0.04
11/23/2020,10:55:18,0.032
11/23/2020,10:55:19,0.036
11/23/2020,10:55:20,0.034
11/23/2020,10:55:21,0.034
11/23/2020,10:55:22,0.041
11/23/2020,10:55:23,0.044
11/23/2020,10:55:24,0.046
11/23/2020,10:55:25,0.045
11/23/2020,10:55:26,0.041
11/23/2020,10:55:27,0.039
11/23/2020,10:55:28,0.038
11/23/2020,10:55:29,0.041
11/23/2020,10:55:30,0.05
11/23/2020,10:55:31,0.058
11/23/2020,10:55:32,0.042
11/23/2020,10:55:33,0.058
11/23/2020,10:55:34,0.039
11/23/2020,10:55:35,0.041
11/23/2020,10:55:36,0.044
11/23/2020,10:55:37,0.04
11/23/2020,10:55:38,0.054
11/23/2020,10:55:39,0.045
11/23/2020,10:55:40,0.056
11/23/2020,10:55:41,0.047
11/23/2020,10:55:42,0.034
11/23/2020,10:55:43,0.039
11/23/2020,10:55:44,0.035
11/23/2020,10:55:45,0.034
11/23/2020,10:55:46,0.033
11/23/2020,10:55:47,0.032
11/23/2020,10:55:48,0.036
11/23/2020,10:55:49,0.026
11/23/2020,10:55:50,0.035
11/23/2020,10:55:51,0.025
11/23/2020,10:55:52,0.032
11/23/2020,10:55:53,0.021
11/23/2020,10:55:54,0.02
11/23/2020,10:55:55,0.031
11/23/2020,10:55:56,0.035
11/23/2020,10:55:57,0.04
11/23/2020,10:55:58,0.036
11/23/2020,10:55:59,0.037
11/23/2020,10:56:00,0.051
11/23/2020,10:56:01,0.048
11/23/2020,10:56:02,0.052
11/23/2020,10:56:03,0.044
11/23/2020,10:56:04,0.059
11/23/2020,10:56:05,0.042
11/23/2020,10:56:06,0.043
11/23/2020,10:56:07,0.046
11/23/2020,10:56:08,0.043

Instrument Name:,SidePak Aerosol Monitor
Model Number:,AM520
Serial Number:,5201704010
Test Name:,Test 72
Start Date:,11/23/2020
Start Time:,11:55:08
Duration (dd:hh:mm:ss):,00:00:01:00
Log Interval (mm:ss):,00:01
Number of points:,60
Description:,

Statistics Channel: ,Aerosol
,Units:,mg/m³
,Average:,0.025
,Minimum:,0.012
,Time of Minimum:,11:55:43
,Date of Minimum:,11/23/2020
,Maximum:,0.08
,Time of Maximum:,11:55:34
,Date of Maximum:,11/23/2020

,TWA:,N/A

Calibration Sensor: ,Aerosol
,Cal factor:,1
,Cal date:,11/03/2020
,Cal name:,USER1 

Date,Time,Concentration
MM/dd/yyyy,HH:mm:ss,mg/m³
11/23/2020,11:55:09,0.018
11/23/2020,11:55:10,0.018
11/23/2020,11:55:11,0.026
11/23/2020,11:55:12,0.036
11/23/2020,11:55:13,0.023
11/23/2020,11:55:14,0.025
11/23/2020,11:55:15,0.026
11/23/2020,11:55:16,0.032
11/23/2020,11:55:17,0.031
11/23/2020,11:55:18,0.029
11/23/2020,11:55:19,0.026
11/23/2020,11:55:20,0.029
11/23/2020,11:55:21,0.029
11/23/2020,11:55:22,0.022
11/23/2020,11:55:23,0.02
11/23/2020,11:55:24,0.015
11/23/2020,11:55:25,0.02
11/23/2020,11:55:26,0.015
11/23/2020,11:55:27,0.013
11/23/2020,11:55:28,0.019
11/23/2020,11:55:29,0.02
11/23/2020,11:55:30,0.027
11/23/2020,11:55:31,0.036
11/23/2020,11:55:32,0.029
11/23/2020,11:55:33,0.031
11/23/2020,11:55:34,0.08
11/23/2020,11:55:35,0.033
11/23/2020,11:55:36,0.031
11/23/2020,11:55:37,0.043
11/23/2020,11:55:38,0.036
11/23/2020,11:55:39,0.027
11/23/2020,11:55:40,0.023
11/23/2020,11:55:41,0.021
11/23/2020,11:55:42,0.02
11/23/2020,11:55:43,0.012
11/23/2020,11:55:44,0.016
11/23/2020,11:55:45,0.015
11/23/2020,11:55:46,0.013
11/23/2020,11:55:47,0.015
11/23/2020,11:55:48,0.016
11/23/2020,11:55:49,0.02
11/23/2020,11:55:50,0.026
11/23/2020,11:55:51,0.031
11/23/2020,11:55:52,0.036
11/23/2020,11:55:53,0.034
11/23/2020,11:55:54,0.032
11/23/2020,11:55:55,0.033
11/23/2020,11:55:56,0.028
11/23/2020,11:55:57,0.031
11/23/2020,11:55:58,0.026
11/23/2020,11:55:59,0.025
11/23/2020,11:56:00,0.021
11/23/2020,11:56:01,0.016
11/23/2020,11:56:02,0.013
11/23/2020,11:56:03,0.026
11/23/2020,11:56:04,0.015
11/23/2020,11:56:05,0.018
11/23/2020,11:56:06,0.018
11/23/2020,11:56:07,0.022
11/23/2020,11:56:08,0.025

Instrument Name:,SidePak Aerosol Monitor
Model Number:,AM520
Serial Number:,5201704010
Test Name:,Test 73
Start Date:,11/23/2020
Start Time:,12:55:08
Duration (dd:hh:mm:ss):,00:00:01:00
Log Interval (mm:ss):,00:01
Number of points:,60
Description:,

Statistics Channel: ,Aerosol
,Units:,mg/m³
,Average:,0.021
,Minimum:,0.008
,Time of Minimum:,12:55:11
,Date of Minimum:,11/23/2020
,Maximum:,0.033
,Time of Maximum:,12:55:42
,Date of Maximum:,11/23/2020

,TWA:,N/A

Calibration Sensor: ,Aerosol
,Cal factor:,1
,Cal date:,11/03/2020
,Cal name:,USER1 

Date,Time,Concentration
MM/dd/yyyy,HH:mm:ss,mg/m³
11/23/2020,12:55:09,0.011
11/23/2020,12:55:10,0.008
11/23/2020,12:55:11,0.008
11/23/2020,12:55:12,0.015
11/23/2020,12:55:13,0.013
11/23/2020,12:55:14,0.011
11/23/2020,12:55:15,0.015
11/23/2020,12:55:16,0.013
11/23/2020,12:55:17,0.017
11/23/2020,12:55:18,0.018
11/23/2020,12:55:19,0.021
11/23/2020,12:55:20,0.021
11/23/2020,12:55:21,0.022
11/23/2020,12:55:22,0.027
11/23/2020,12:55:23,0.025
11/23/2020,12:55:24,0.03
11/23/2020,12:55:25,0.03
11/23/2020,12:55:26,0.029
11/23/2020,12:55:27,0.023
11/23/2020,12:55:28,0.03
11/23/2020,12:55:29,0.023
11/23/2020,12:55:30,0.023
11/23/2020,12:55:31,0.029
11/23/2020,12:55:32,0.019
11/23/2020,12:55:33,0.022
11/23/2020,12:55:34,0.023
11/23/2020,12:55:35,0.023
11/23/2020,12:55:36,0.019
11/23/2020,12:55:37,0.022
11/23/2020,12:55:38,0.019
11/23/2020,12:55:39,0.022
11/23/2020,12:55:40,0.02
11/23/2020,12:55:41,0.02
11/23/2020,12:55:42,0.033
11/23/2020,12:55:43,0.021
11/23/2020,12:55:44,0.022
11/23/2020,12:55:45,0.018
11/23/2020,12:55:46,0.023
11/23/2020,12:55:47,0.028
11/23/2020,12:55:48,0.023
11/23/2020,12:55:49,0.02
11/23/2020,12:55:50,0.021
11/23/2020,12:55:51,0.024
11/23/2020,12:55:52,0.023
11/23/2020,12:55:53,0.026
11/23/2020,12:55:54,0.024
11/23/2020,12:55:55,0.029
11/23/2020,12:55:56,0.022
11/23/2020,12:55:57,0.025
11/23/2020,12:55:58,0.023
11/23/2020,12:55:59,0.021
11/23/2020,12:56:00,0.026
11/23/2020,12:56:01,0.029
11/23/2020,12:56:02,0.022
11/23/2020,12:56:03,0.024
11/23/2020,12:56:04,0.023
11/23/2020,12:56:05,0.015
11/23/2020,12:56:06,0.019
11/23/2020,12:56:07,0.015
11/23/2020,12:56:08,0.017

Instrument Name:,SidePak Aerosol Monitor
Model Number:,AM520
Serial Number:,5201704010
Test Name:,Test 74
Start Date:,11/23/2020
Start Time:,01:55:08
Duration (dd:hh:mm:ss):,00:00:01:00
Log Interval (mm:ss):,00:01
Number of points:,60
Description:,

Statistics Channel: ,Aerosol
,Units:,mg/m³
,Average:,0.017
,Minimum:,0.006
,Time of Minimum:,01:55:32
,Date of Minimum:,11/23/2020
,Maximum:,0.032
,Time of Maximum:,01:55:55
,Date of Maximum:,11/23/2020

,TWA:,N/A

Calibration Sensor: ,Aerosol
,Cal factor:,1
,Cal date:,11/03/2020
,Cal name:,USER1 

Date,Time,Concentration
MM/dd/yyyy,HH:mm:ss,mg/m³
11/23/2020,13:55:09,0.025
11/23/2020,13:55:10,0.02
11/23/2020,13:55:11,0.019
11/23/2020,13:55:12,0.02
11/23/2020,13:55:13,0.024
11/23/2020,13:55:14,0.016
11/23/2020,13:55:15,0.018
11/23/2020,13:55:16,0.02
11/23/2020,13:55:17,0.015
11/23/2020,13:55:18,0.016
11/23/2020,13:55:19,0.012
11/23/2020,13:55:20,0.019
11/23/2020,13:55:21,0.013
11/23/2020,13:55:22,0.018
11/23/2020,13:55:23,0.014
11/23/2020,13:55:24,0.024
11/23/2020,13:55:25,0.016
11/23/2020,13:55:26,0.011
11/23/2020,13:55:27,0.016
11/23/2020,13:55:28,0.011
11/23/2020,13:55:29,0.016
11/23/2020,13:55:30,0.01
11/23/2020,13:55:31,0.01
11/23/2020,13:55:32,0.006
11/23/2020,13:55:33,0.017
11/23/2020,13:55:34,0.015
11/23/2020,13:55:35,0.008
11/23/2020,13:55:36,0.018
11/23/2020,13:55:37,0.008
11/23/2020,13:55:38,0.013
11/23/2020,13:55:39,0.008
11/23/2020,13:55:40,0.01
11/23/2020,13:55:41,0.01
11/23/2020,13:55:42,0.015
11/23/2020,13:55:43,0.015
11/23/2020,13:55:44,0.012
11/23/2020,13:55:45,0.018
11/23/2020,13:55:46,0.019
11/23/2020,13:55:47,0.016
11/23/2020,13:55:48,0.019
11/23/2020,13:55:49,0.019
11/23/2020,13:55:50,0.021
11/23/2020,13:55:51,0.024
11/23/2020,13:55:52,0.024
11/23/2020,13:55:53,0.025
11/23/2020,13:55:54,0.026
11/23/2020,13:55:55,0.032
11/23/2020,13:55:56,0.025
11/23/2020,13:55:57,0.022
11/23/2020,13:55:58,0.031
11/23/2020,13:55:59,0.022
11/23/2020,13:56:00,0.019
11/23/2020,13:56:01,0.019
11/23/2020,13:56:02,0.016
11/23/2020,13:56:03,0.025
11/23/2020,13:56:04,0.016
11/23/2020,13:56:05,0.01
11/23/2020,13:56:06,0.013
11/23/2020,13:56:07,0.014
11/23/2020,13:56:08,0.027

Instrument Name:,SidePak Aerosol Monitor
Model Number:,AM520
Serial Number:,5201704010
Test Name:,Test 75
Start Date:,11/23/2020
Start Time:,02:55:09
Duration (dd:hh:mm:ss):,00:00:01:00
Log Interval (mm:ss):,00:01
Number of points:,60
Description:,

Statistics Channel: ,Aerosol
,Units:,mg/m³
,Average:,0.016
,Minimum:,0.002
,Time of Minimum:,02:55:16
,Date of Minimum:,11/23/2020
,Maximum:,0.032
,Time of Maximum:,02:55:59
,Date of Maximum:,11/23/2020

,TWA:,N/A

Calibration Sensor: ,Aerosol
,Cal factor:,1
,Cal date:,11/03/2020
,Cal name:,USER1 

Date,Time,Concentration
MM/dd/yyyy,HH:mm:ss,mg/m³
11/23/2020,14:55:10,0.02
11/23/2020,14:55:11,0.014
11/23/2020,14:55:12,0.011
11/23/2020,14:55:13,0.03
11/23/2020,14:55:14,0.007
11/23/2020,14:55:15,0.009
11/23/2020,14:55:16,0.002
11/23/2020,14:55:17,0.004
11/23/2020,14:55:18,0.007
11/23/2020,14:55:19,0.005
11/23/2020,14:55:20,0.009
11/23/2020,14:55:21,0.017
11/23/2020,14:55:22,0.013
11/23/2020,14:55:23,0.013
11/23/2020,14:55:24,0.018
11/23/2020,14:55:25,0.02
11/23/2020,14:55:26,0.019
11/23/2020,14:55:27,0.025
11/23/2020,14:55:28,0.024
11/23/2020,14:55:29,0.025
11/23/2020,14:55:30,0.021
11/23/2020,14:55:31,0.022
11/23/2020,14:55:32,0.024
11/23/2020,14:55:33,0.019
11/23/2020,14:55:34,0.023
11/23/2020,14:55:35,0.017
11/23/2020,14:55:36,0.014
11/23/2020,14:55:37,0.017
11/23/2020,14:55:38,0.013
11/23/2020,14:55:39,0.013
11/23/2020,14:55:40,0.01
11/23/2020,14:55:41,0.008
11/23/2020,14:55:42,0.01
11/23/2020,14:55:43,0.007
11/23/2020,14:55:44,0.008
11/23/2020,14:55:45,0.008
11/23/2020,14:55:46,0.008
11/23/2020,14:55:47,0.009
11/23/2020,14:55:48,0.024
11/23/2020,14:55:49,0.009
11/23/2020,14:55:50,0.009
11/23/2020,14:55:51,0.015
11/23/2020,14:55:52,0.018
11/23/2020,14:55:53,0.018
11/23/2020,14:55:54,0.018
11/23/2020,14:55:55,0.02
11/23/2020,14:55:56,0.021
11/23/2020,14:55:57,0.026
11/23/2020,14:55:58,0.029
11/23/2020,14:55:59,0.032
11/23/2020,14:56:00,0.023
11/23/2020,14:56:01,0.021
11/23/2020,14:56:02,0.028
11/23/2020,14:56:03,0.018
11/23/2020,14:56:04,0.016
11/23/2020,14:56:05,0.014
11/23/2020,14:56:06,0.018
11/23/2020,14:56:07,0.008
11/23/2020,14:56:08,0.007
11/23/2020,14:56:09,0.008

Instrument Name:,SidePak Aerosol Monitor
Model Number:,AM520
Serial Number:,5201704010
Test Name:,Test 76
Start Date:,11/23/2020
Start Time:,03:55:09
Duration (dd:hh:mm:ss):,00:00:01:00
Log Interval (mm:ss):,00:01
Number of points:,60
Description:,

Statistics Channel: ,Aerosol
,Units:,mg/m³
,Average:,0.031
,Minimum:,0.007
,Time of Minimum:,03:55:26
,Date of Minimum:,11/23/2020
,Maximum:,0.132
,Time of Maximum:,03:56:06
,Date of Maximum:,11/23/2020

,TWA:,N/A

Calibration Sensor: ,Aerosol
,Cal factor:,1
,Cal date:,11/03/2020
,Cal name:,USER1 

Date,Time,Concentration
MM/dd/yyyy,HH:mm:ss,mg/m³
11/23/2020,15:55:10,0.02
11/23/2020,15:55:11,0.026
11/23/2020,15:55:12,0.022
11/23/2020,15:55:13,0.025
11/23/2020,15:55:14,0.027
11/23/2020,15:55:15,0.03
11/23/2020,15:55:16,0.032
11/23/2020,15:55:17,0.046
11/23/2020,15:55:18,0.04
11/23/2020,15:55:19,0.034
11/23/2020,15:55:20,0.029
11/23/2020,15:55:21,0.029
11/23/2020,15:55:22,0.024
11/23/2020,15:55:23,0.023
11/23/2020,15:55:24,0.024
11/23/2020,15:55:25,0.013
11/23/2020,15:55:26,0.007
11/23/2020,15:55:27,0.013
11/23/2020,15:55:28,0.02
11/23/2020,15:55:29,0.024
11/23/2020,15:55:30,0.021
11/23/2020,15:55:31,0.019
11/23/2020,15:55:32,0.027
11/23/2020,15:55:33,0.023
11/23/2020,15:55:34,0.025
11/23/2020,15:55:35,0.028
11/23/2020,15:55:36,0.04
11/23/2020,15:55:37,0.031
11/23/2020,15:55:38,0.027
11/23/2020,15:55:39,0.03
11/23/2020,15:55:40,0.043
11/23/2020,15:55:41,0.022
11/23/2020,15:55:42,0.03
11/23/2020,15:55:43,0.025
11/23/2020,15:55:44,0.019
11/23/2020,15:55:45,0.017
11/23/2020,15:55:46,0.018
11/23/2020,15:55:47,0.009
11/23/2020,15:55:48,0.014
11/23/2020,15:55:49,0.014
11/23/2020,15:55:50,0.017
11/23/2020,15:55:51,0.022
11/23/2020,15:55:52,0.019
11/23/2020,15:55:53,0.021
11/23/2020,15:55:54,0.024
11/23/2020,15:55:55,0.028
11/23/2020,15:55:56,0.031
11/23/2020,15:55:57,0.033
11/23/2020,15:55:58,0.032
11/23/2020,15:55:59,0.031
11/23/2020,15:56:00,0.031
11/23/2020,15:56:01,0.051
11/23/2020,15:56:02,0.039
11/23/2020,15:56:03,0.054
11/23/2020,15:56:04,0.047
11/23/2020,15:56:05,0.094
11/23/2020,15:56:06,0.132
11/23/2020,15:56:07,0.055
11/23/2020,15:56:08,0.052
11/23/2020,15:56:09,0.054

Instrument Name:,SidePak Aerosol Monitor
Model Number:,AM520
Serial Number:,5201704010
Test Name:,Test 77
Start Date:,11/23/2020
Start Time:,04:55:09
Duration (dd:hh:mm:ss):,00:00:01:00
Log Interval (mm:ss):,00:01
Number of points:,60
Description:,

Statistics Channel: ,Aerosol
,Units:,mg/m³
,Average:,0.026
,Minimum:,0.012
,Time of Minimum:,04:56:05
,Date of Minimum:,11/23/2020
,Maximum:,0.055
,Time of Maximum:,04:55:14
,Date of Maximum:,11/23/2020

,TWA:,N/A

Calibration Sensor: ,Aerosol
,Cal factor:,1
,Cal date:,11/03/2020
,Cal name:,USER1 

Date,Time,Concentration
MM/dd/yyyy,HH:mm:ss,mg/m³
11/23/2020,16:55:10,0.025
11/23/2020,16:55:11,0.027
11/23/2020,16:55:12,0.029
11/23/2020,16:55:13,0.026
11/23/2020,16:55:14,0.055
11/23/2020,16:55:15,0.039
11/23/2020,16:55:16,0.041
11/23/2020,16:55:17,0.032
11/23/2020,16:55:18,0.027
11/23/2020,16:55:19,0.032
11/23/2020,16:55:20,0.038
11/23/2020,16:55:21,0.031
11/23/2020,16:55:22,0.024
11/23/2020,16:55:23,0.027
11/23/2020,16:55:24,0.022
11/23/2020,16:55:25,0.023
11/23/2020,16:55:26,0.033
11/23/2020,16:55:27,0.029
11/23/2020,16:55:28,0.014
11/23/2020,16:55:29,0.013
11/23/2020,16:55:30,0.015
11/23/2020,16:55:31,0.015
11/23/2020,16:55:32,0.044
11/23/2020,16:55:33,0.023
11/23/2020,16:55:34,0.023
11/23/2020,16:55:35,0.031
11/23/2020,16:55:36,0.037
11/23/2020,16:55:37,0.026
11/23/2020,16:55:38,0.028
11/23/2020,16:55:39,0.028
11/23/2020,16:55:40,0.036
11/23/2020,16:55:41,0.031
11/23/2020,16:55:42,0.026
11/23/2020,16:55:43,0.03
11/23/2020,16:55:44,0.027
11/23/2020,16:55:45,0.029
11/23/2020,16:55:46,0.027
11/23/2020,16:55:47,0.024
11/23/2020,16:55:48,0.024
11/23/2020,16:55:49,0.023
11/23/2020,16:55:50,0.022
11/23/2020,16:55:51,0.042
11/23/2020,16:55:52,0.027
11/23/2020,16:55:53,0.018
11/23/2020,16:55:54,0.019
11/23/2020,16:55:55,0.015
11/23/2020,16:55:56,0.014
11/23/2020,16:55:57,0.018
11/23/2020,16:55:58,0.026
11/23/2020,16:55:59,0.012
11/23/2020,16:56:00,0.021
11/23/2020,16:56:01,0.027
11/23/2020,16:56:02,0.017
11/23/2020,16:56:03,0.015
11/23/2020,16:56:04,0.023
11/23/2020,16:56:05,0.012
11/23/2020,16:56:06,0.022
11/23/2020,16:56:07,0.017
11/23/2020,16:56:08,0.019
11/23/2020,16:56:09,0.016

Instrument Name:,SidePak Aerosol Monitor
Model Number:,AM520
Serial Number:,5201704010
Test Name:,Test 78
Start Date:,11/23/2020
Start Time:,05:55:09
Duration (dd:hh:mm:ss):,00:00:01:00
Log Interval (mm:ss):,00:01
Number of points:,60
Description:,

Statistics Channel: ,Aerosol
,Units:,mg/m³
,Average:,0.024
,Minimum:,0.01
,Time of Minimum:,05:55:45
,Date of Minimum:,11/23/2020
,Maximum:,0.047
,Time of Maximum:,05:55:59
,Date of Maximum:,11/23/2020

,TWA:,N/A

Calibration Sensor: ,Aerosol
,Cal factor:,1
,Cal date:,11/03/2020
,Cal name:,USER1 

Date,Time,Concentration
MM/dd/yyyy,HH:mm:ss,mg/m³
11/23/2020,17:55:10,0.017
11/23/2020,17:55:11,0.032
11/23/2020,17:55:12,0.02
11/23/2020,17:55:13,0.019
11/23/2020,17:55:14,0.025
11/23/2020,17:55:15,0.019
11/23/2020,17:55:16,0.018
11/23/2020,17:55:17,0.028
11/23/2020,17:55:18,0.014
11/23/2020,17:55:19,0.02
11/23/2020,17:55:20,0.013
11/23/2020,17:55:21,0.017
11/23/2020,17:55:22,0.023
11/23/2020,17:55:23,0.021
11/23/2020,17:55:24,0.015
11/23/2020,17:55:25,0.024
11/23/2020,17:55:26,0.022
11/23/2020,17:55:27,0.037
11/23/2020,17:55:28,0.016
11/23/2020,17:55:29,0.019
11/23/2020,17:55:30,0.035
11/23/2020,17:55:31,0.019
11/23/2020,17:55:32,0.017
11/23/2020,17:55:33,0.018
11/23/2020,17:55:34,0.014
11/23/2020,17:55:35,0.026
11/23/2020,17:55:36,0.017
11/23/2020,17:55:37,0.02
11/23/2020,17:55:38,0.016
11/23/2020,17:55:39,0.016
11/23/2020,17:55:40,0.017
11/23/2020,17:55:41,0.013
11/23/2020,17:55:42,0.028
11/23/2020,17:55:43,0.017
11/23/2020,17:55:44,0.014
11/23/2020,17:55:45,0.01
11/23/2020,17:55:46,0.022
11/23/2020,17:55:47,0.018
11/23/2020,17:55:48,0.024
11/23/2020,17:55:49,0.012
11/23/2020,17:55:50,0.019
11/23/2020,17:55:51,0.03
11/23/2020,17:55:52,0.032
11/23/2020,17:55:53,0.024
11/23/2020,17:55:54,0.035
11/23/2020,17:55:55,0.041
11/23/2020,17:55:56,0.031
11/23/2020,17:55:57,0.033
11/23/2020,17:55:58,0.037
11/23/2020,17:55:59,0.047
11/23/2020,17:56:00,0.038
11/23/2020,17:56:01,0.032
11/23/2020,17:56:02,0.028
11/23/2020,17:56:03,0.031
11/23/2020,17:56:04,0.031
11/23/2020,17:56:05,0.037
11/23/2020,17:56:06,0.024
11/23/2020,17:56:07,0.027
11/23/2020,17:56:08,0.031
11/23/2020,17:56:09,0.023

Instrument Name:,SidePak Aerosol Monitor
Model Number:,AM520
Serial Number:,5201704010
Test Name:,Test 79
Start Date:,11/23/2020
Start Time:,06:55:09
Duration (dd:hh:mm:ss):,00:00:01:00
Log Interval (mm:ss):,00:01
Number of points:,60
Description:,

Statistics Channel: ,Aerosol
,Units:,mg/m³
,Average:,0.024
,Minimum:,0.008
,Time of Minimum:,06:55:47
,Date of Minimum:,11/23/2020
,Maximum:,0.057
,Time of Maximum:,06:55:34
,Date of Maximum:,11/23/2020

,TWA:,N/A

Calibration Sensor: ,Aerosol
,Cal factor:,1
,Cal date:,11/03/2020
,Cal name:,USER1 

Date,Time,Concentration
MM/dd/yyyy,HH:mm:ss,mg/m³
11/23/2020,18:55:10,0.017
11/23/2020,18:55:11,0.011
11/23/2020,18:55:12,0.013
11/23/2020,18:55:13,0.017
11/23/2020,18:55:14,0.018
11/23/2020,18:55:15,0.015
11/23/2020,18:55:16,0.016
11/23/2020,18:55:17,0.016
11/23/2020,18:55:18,0.02
11/23/2020,18:55:19,0.025
11/23/2020,18:55:20,0.055
11/23/2020,18:55:21,0.024
11/23/2020,18:55:22,0.028
11/23/2020,18:55:23,0.041
11/23/2020,18:55:24,0.025
11/23/2020,18:55:25,0.029
11/23/2020,18:55:26,0.027
11/23/2020,18:55:27,0.032
11/23/2020,18:55:28,0.04
11/23/2020,18:55:29,0.028
11/23/2020,18:55:30,0.032
11/23/2020,18:55:31,0.04
11/23/2020,18:55:32,0.032
11/23/2020,18:55:33,0.029
11/23/2020,18:55:34,0.057
11/23/2020,18:55:35,0.028
11/23/2020,18:55:36,0.038
11/23/2020,18:55:37,0.023
11/23/2020,18:55:38,0.022
11/23/2020,18:55:39,0.02
11/23/2020,18:55:40,0.018
11/23/2020,18:55:41,0.02
11/23/2020,18:55:42,0.018
11/23/2020,18:55:43,0.02
11/23/2020,18:55:44,0.017
11/23/2020,18:55:45,0.01
11/23/2020,18:55:46,0.011
11/23/2020,18:55:47,0.008
11/23/2020,18:55:48,0.01
11/23/2020,18:55:49,0.017
11/23/2020,18:55:50,0.014
11/23/2020,18:55:51,0.018
11/23/2020,18:55:52,0.014
11/23/2020,18:55:53,0.022
11/23/2020,18:55:54,0.019
11/23/2020,18:55:55,0.018
11/23/2020,18:55:56,0.02
11/23/2020,18:55:57,0.025
11/23/2020,18:55:58,0.024
11/23/2020,18:55:59,0.022
11/23/2020,18:56:00,0.018
11/23/2020,18:56:01,0.025
11/23/2020,18:56:02,0.024
11/23/2020,18:56:03,0.029
11/23/2020,18:56:04,0.025
11/23/2020,18:56:05,0.027
11/23/2020,18:56:06,0.032
11/23/2020,18:56:07,0.037
11/23/2020,18:56:08,0.034
11/23/2020,18:56:09,0.033

Instrument Name:,SidePak Aerosol Monitor
Model Number:,AM520
Serial Number:,5201704010
Test Name:,Test 80
Start Date:,11/23/2020
Start Time:,07:55:09
Duration (dd:hh:mm:ss):,00:00:01:00
Log Interval (mm:ss):,00:01
Number of points:,60
Description:,

Statistics Channel: ,Aerosol
,Units:,mg/m³
,Average:,0.027
,Minimum:,0.011
,Time of Minimum:,07:55:46
,Date of Minimum:,11/23/2020
,Maximum:,0.047
,Time of Maximum:,07:55:14
,Date of Maximum:,11/23/2020

,TWA:,N/A

Calibration Sensor: ,Aerosol
,Cal factor:,1
,Cal date:,11/03/2020
,Cal name:,USER1 

Date,Time,Concentration
MM/dd/yyyy,HH:mm:ss,mg/m³
11/23/2020,19:55:10,0.027
11/23/2020,19:55:11,0.035
11/23/2020,19:55:12,0.029
11/23/2020,19:55:13,0.038
11/23/2020,19:55:14,0.047
11/23/2020,19:55:15,0.032
11/23/2020,19:55:16,0.032
11/23/2020,19:55:17,0.023
11/23/2020,19:55:18,0.024
11/23/2020,19:55:19,0.021
11/23/2020,19:55:20,0.02
11/23/2020,19:55:21,0.024
11/23/2020,19:55:22,0.016
11/23/2020,19:55:23,0.015
11/23/2020,19:55:24,0.019
11/23/2020,19:55:25,0.016
11/23/2020,19:55:26,0.02
11/23/2020,19:55:27,0.026
11/23/2020,19:55:28,0.025
11/23/2020,19:55:29,0.033
11/23/2020,19:55:30,0.03
11/23/2020,19:55:31,0.032
11/23/2020,19:55:32,0.039
11/23/2020,19:55:33,0.035
11/23/2020,19:55:34,0.03
11/23/2020,19:55:35,0.038
11/23/2020,19:55:36,0.024
11/23/2020,19:55:37,0.03
11/23/2020,19:55:38,0.025
11/23/2020,19:55:39,0.021
11/23/2020,19:55:40,0.019
11/23/2020,19:55:41,0.026
11/23/2020,19:55:42,0.021
11/23/2020,19:55:43,0.032
11/23/2020,19:55:44,0.017
11/23/2020,19:55:45,0.013
11/23/2020,19:55:46,0.011
11/23/2020,19:55:47,0.018
11/23/2020,19:55:48,0.02
11/23/2020,19:55:49,0.019
11/23/2020,19:55:50,0.015
11/23/2020,19:55:51,0.036
11/23/2020,19:55:52,0.029
11/23/2020,19:55:53,0.02
11/23/2020,19:55:54,0.022
11/23/2020,19:55:55,0.022
11/23/2020,19:55:56,0.031
11/23/2020,19:55:57,0.036
11/23/2020,19:55:58,0.029
11/23/2020,19:55:59,0.028
11/23/2020,19:56:00,0.033
11/23/2020,19:56:01,0.031
11/23/2020,19:56:02,0.03
11/23/2020,19:56:03,0.033
11/23/2020,19:56:04,0.033
11/23/2020,19:56:05,0.032
11/23/2020,19:56:06,0.032
11/23/2020,19:56:07,0.034
11/23/2020,19:56:08,0.031
11/23/2020,19:56:09,0.029

Instrument Name:,SidePak Aerosol Monitor
Model Number:,AM520
Serial Number:,5201704010
Test Name:,Test 81
Start Date:,11/23/2020
Start Time:,08:55:09
Duration (dd:hh:mm:ss):,00:00:01:00
Log Interval (mm:ss):,00:01
Number of points:,60
Description:,

Statistics Channel: ,Aerosol
,Units:,mg/m³
,Average:,0.029
,Minimum:,0.014
,Time of Minimum:,08:55:25
,Date of Minimum:,11/23/2020
,Maximum:,0.049
,Time of Maximum:,08:55:15
,Date of Maximum:,11/23/2020

,TWA:,N/A

Calibration Sensor: ,Aerosol
,Cal factor:,1
,Cal date:,11/03/2020
,Cal name:,USER1 

Date,Time,Concentration
MM/dd/yyyy,HH:mm:ss,mg/m³
11/23/2020,20:55:10,0.026
11/23/2020,20:55:11,0.036
11/23/2020,20:55:12,0.034
11/23/2020,20:55:13,0.034
11/23/2020,20:55:14,0.036
11/23/2020,20:55:15,0.049
11/23/2020,20:55:16,0.027
11/23/2020,20:55:17,0.035
11/23/2020,20:55:18,0.03
11/23/2020,20:55:19,0.037
11/23/2020,20:55:20,0.025
11/23/2020,20:55:21,0.025
11/23/2020,20:55:22,0.019
11/23/2020,20:55:23,0.021
11/23/2020,20:55:24,0.019
11/23/2020,20:55:25,0.014
11/23/2020,20:55:26,0.016
11/23/2020,20:55:27,0.019
11/23/2020,20:55:28,0.016
11/23/2020,20:55:29,0.022
11/23/2020,20:55:30,0.031
11/23/2020,20:55:31,0.032
11/23/2020,20:55:32,0.025
11/23/2020,20:55:33,0.026
11/23/2020,20:55:34,0.024
11/23/2020,20:55:35,0.027
11/23/2020,20:55:36,0.042
11/23/2020,20:55:37,0.039
11/23/2020,20:55:38,0.035
11/23/2020,20:55:39,0.036
11/23/2020,20:55:40,0.038
11/23/2020,20:55:41,0.039
11/23/2020,20:55:42,0.033
11/23/2020,20:55:43,0.037
11/23/2020,20:55:44,0.036
11/23/2020,20:55:45,0.029
11/23/2020,20:55:46,0.035
11/23/2020,20:55:47,0.028
11/23/2020,20:55:48,0.024
11/23/2020,20:55:49,0.021
11/23/2020,20:55:50,0.022
11/23/2020,20:55:51,0.018
11/23/2020,20:55:52,0.018
11/23/2020,20:55:53,0.031
11/23/2020,20:55:54,0.02
11/23/2020,20:55:55,0.015
11/23/2020,20:55:56,0.016
11/23/2020,20:55:57,0.021
11/23/2020,20:55:58,0.019
11/23/2020,20:55:59,0.031
11/23/2020,20:56:00,0.023
11/23/2020,20:56:01,0.035
11/23/2020,20:56:02,0.032
11/23/2020,20:56:03,0.042
11/23/2020,20:56:04,0.035
11/23/2020,20:56:05,0.045
11/23/2020,20:56:06,0.04
11/23/2020,20:56:07,0.035
11/23/2020,20:56:08,0.04
11/23/2020,20:56:09,0.032

Instrument Name:,SidePak Aerosol Monitor
Model Number:,AM520
Serial Number:,5201704010
Test Name:,Test 82
Start Date:,11/23/2020
Start Time:,09:55:09
Duration (dd:hh:mm:ss):,00:00:01:00
Log Interval (mm:ss):,00:01
Number of points:,60
Description:,

Statistics Channel: ,Aerosol
,Units:,mg/m³
,Average:,0.028
,Minimum:,0.013
,Time of Minimum:,09:55:29
,Date of Minimum:,11/23/2020
,Maximum:,0.053
,Time of Maximum:,09:55:52
,Date of Maximum:,11/23/2020

,TWA:,N/A

Calibration Sensor: ,Aerosol
,Cal factor:,1
,Cal date:,11/03/2020
,Cal name:,USER1 

Date,Time,Concentration
MM/dd/yyyy,HH:mm:ss,mg/m³
11/23/2020,21:55:10,0.041
11/23/2020,21:55:11,0.037
11/23/2020,21:55:12,0.031
11/23/2020,21:55:13,0.034
11/23/2020,21:55:14,0.039
11/23/2020,21:55:15,0.03
11/23/2020,21:55:16,0.027
11/23/2020,21:55:17,0.027
11/23/2020,21:55:18,0.027
11/23/2020,21:55:19,0.051
11/23/2020,21:55:20,0.026
11/23/2020,21:55:21,0.029
11/23/2020,21:55:22,0.027
11/23/2020,21:55:23,0.021
11/23/2020,21:55:24,0.029
11/23/2020,21:55:25,0.018
11/23/2020,21:55:26,0.014
11/23/2020,21:55:27,0.016
11/23/2020,21:55:28,0.014
11/23/2020,21:55:29,0.013
11/23/2020,21:55:30,0.014
11/23/2020,21:55:31,0.014
11/23/2020,21:55:32,0.022
11/23/2020,21:55:33,0.019
11/23/2020,21:55:34,0.024
11/23/2020,21:55:35,0.022
11/23/2020,21:55:36,0.019
11/23/2020,21:55:37,0.019
11/23/2020,21:55:38,0.03
11/23/2020,21:55:39,0.024
11/23/2020,21:55:40,0.025
11/23/2020,21:55:41,0.033
11/23/2020,21:55:42,0.024
11/23/2020,21:55:43,0.029
11/23/2020,21:55:44,0.033
11/23/2020,21:55:45,0.026
11/23/2020,21:55:46,0.024
11/23/2020,21:55:47,0.033
11/23/2020,21:55:48,0.031
11/23/2020,21:55:49,0.032
11/23/2020,21:55:50,0.029
11/23/2020,21:55:51,0.039
11/23/2020,21:55:52,0.053
11/23/2020,21:55:53,0.03
11/23/2020,21:55:54,0.046
11/23/2020,21:55:55,0.038
11/23/2020,21:55:56,0.026
11/23/2020,21:55:57,0.031
11/23/2020,21:55:58,0.033
11/23/2020,21:55:59,0.031
11/23/2020,21:56:00,0.041
11/23/2020,21:56:01,0.032
11/23/2020,21:56:02,0.03
11/23/2020,21:56:03,0.034
11/23/2020,21:56:04,0.025
11/23/2020,21:56:05,0.029
11/23/2020,21:56:06,0.029
11/23/2020,21:56:07,0.031
11/23/2020,21:56:08,0.026
11/23/2020,21:56:09,0.031

Instrument Name:,SidePak Aerosol Monitor
Model Number:,AM520
Serial Number:,5201704010
Test Name:,Test 83
Start Date:,11/23/2020
Start Time:,10:55:10
Duration (dd:hh:mm:ss):,00:00:01:00
Log Interval (mm:ss):,00:01
Number of points:,60
Description:,

Statistics Channel: ,Aerosol
,Units:,mg/m³
,Average:,0.025
,Minimum:,0.009
,Time of Minimum:,10:55:35
,Date of Minimum:,11/23/2020
,Maximum:,0.049
,Time of Maximum:,10:55:50
,Date of Maximum:,11/23/2020

,TWA:,N/A

Calibration Sensor: ,Aerosol
,Cal factor:,1
,Cal date:,11/03/2020
,Cal name:,USER1 

Date,Time,Concentration
MM/dd/yyyy,HH:mm:ss,mg/m³
11/23/2020,22:55:11,0.022
11/23/2020,22:55:12,0.018
11/23/2020,22:55:13,0.016
11/23/2020,22:55:14,0.014
11/23/2020,22:55:15,0.022
11/23/2020,22:55:16,0.027
11/23/2020,22:55:17,0.016
11/23/2020,22:55:18,0.016
11/23/2020,22:55:19,0.02
11/23/2020,22:55:20,0.031
11/23/2020,22:55:21,0.038
11/23/2020,22:55:22,0.028
11/23/2020,22:55:23,0.036
11/23/2020,22:55:24,0.047
11/23/2020,22:55:25,0.032
11/23/2020,22:55:26,0.034
11/23/2020,22:55:27,0.043
11/23/2020,22:55:28,0.027
11/23/2020,22:55:29,0.026
11/23/2020,22:55:30,0.022
11/23/2020,22:55:31,0.028
11/23/2020,22:55:32,0.022
11/23/2020,22:55:33,0.016
11/23/2020,22:55:34,0.016
11/23/2020,22:55:35,0.009
11/23/2020,22:55:36,0.016
11/23/2020,22:55:37,0.013
11/23/2020,22:55:38,0.015
11/23/2020,22:55:39,0.026
11/23/2020,22:55:40,0.019
11/23/2020,22:55:41,0.031
11/23/2020,22:55:42,0.024
11/23/2020,22:55:43,0.032
11/23/2020,22:55:44,0.037
11/23/2020,22:55:45,0.029
11/23/2020,22:55:46,0.031
11/23/2020,22:55:47,0.041
11/23/2020,22:55:48,0.035
11/23/2020,22:55:49,0.031
11/23/2020,22:55:50,0.049
11/23/2020,22:55:51,0.032
11/23/2020,22:55:52,0.031
11/23/2020,22:55:53,0.02
11/23/2020,22:55:54,0.027
11/23/2020,22:55:55,0.022
11/23/2020,22:55:56,0.019
11/23/2020,22:55:57,0.025
11/23/2020,22:55:58,0.021
11/23/2020,22:55:59,0.012
11/23/2020,22:56:00,0.016
11/23/2020,22:56:01,0.015
11/23/2020,22:56:02,0.015
11/23/2020,22:56:03,0.029
11/23/2020,22:56:04,0.015
11/23/2020,22:56:05,0.022
11/23/2020,22:56:06,0.025
11/23/2020,22:56:07,0.025
11/23/2020,22:56:08,0.024
11/23/2020,22:56:09,0.032
11/23/2020,22:56:10,0.032

Instrument Name:,SidePak Aerosol Monitor
Model Number:,AM520
Serial Number:,5201704010
Test Name:,Test 84
Start Date:,11/23/2020
Start Time:,11:55:10
Duration (dd:hh:mm:ss):,00:00:01:00
Log Interval (mm:ss):,00:01
Number of points:,60
Description:,

Statistics Channel: ,Aerosol
,Units:,mg/m³
,Average:,0.026
,Minimum:,0.012
,Time of Minimum:,11:55:59
,Date of Minimum:,11/23/2020
,Maximum:,0.071
,Time of Maximum:,11:55:25
,Date of Maximum:,11/23/2020

,TWA:,N/A

Calibration Sensor: ,Aerosol
,Cal factor:,1
,Cal date:,11/03/2020
,Cal name:,USER1 

Date,Time,Concentration
MM/dd/yyyy,HH:mm:ss,mg/m³
11/23/2020,23:55:11,0.022
11/23/2020,23:55:12,0.02
11/23/2020,23:55:13,0.022
11/23/2020,23:55:14,0.024
11/23/2020,23:55:15,0.029
11/23/2020,23:55:16,0.014
11/23/2020,23:55:17,0.017
11/23/2020,23:55:18,0.027
11/23/2020,23:55:19,0.025
11/23/2020,23:55:20,0.038
11/23/2020,23:55:21,0.038
11/23/2020,23:55:22,0.033
11/23/2020,23:55:23,0.032
11/23/2020,23:55:24,0.034
11/23/2020,23:55:25,0.071
11/23/2020,23:55:26,0.031
11/23/2020,23:55:27,0.036
11/23/2020,23:55:28,0.033
11/23/2020,23:55:29,0.025
11/23/2020,23:55:30,0.024
11/23/2020,23:55:31,0.026
11/23/2020,23:55:32,0.014
11/23/2020,23:55:33,0.032
11/23/2020,23:55:34,0.016
11/23/2020,23:55:35,0.021
11/23/2020,23:55:36,0.02
11/23/2020,23:55:37,0.023
11/23/2020,23:55:38,0.021
11/23/2020,23:55:39,0.032
11/23/2020,23:55:40,0.035
11/23/2020,23:55:41,0.037
11/23/2020,23:55:42,0.036
11/23/2020,23:55:43,0.041
11/23/2020,23:55:44,0.033
11/23/2020,23:55:45,0.031
11/23/2020,23:55:46,0.027
11/23/2020,23:55:47,0.025
11/23/2020,23:55:48,0.025
11/23/2020,23:55:49,0.018
11/23/2020,23:55:50,0.019
11/23/2020,23:55:51,0.025
11/23/2020,23:55:52,0.017
11/23/2020,23:55:53,0.021
11/23/2020,23:55:54,0.021
11/23/2020,23:55:55,0.014
11/23/2020,23:55:56,0.028
11/23/2020,23:55:57,0.033
11/23/2020,23:55:58,0.02
11/23/2020,23:55:59,0.012
11/23/2020,23:56:00,0.017
11/23/2020,23:56:01,0.023
11/23/2020,23:56:02,0.021
11/23/2020,23:56:03,0.022
11/23/2020,23:56:04,0.024
11/23/2020,23:56:05,0.017
11/23/2020,23:56:06,0.014
11/23/2020,23:56:07,0.023
11/23/2020,23:56:08,0.027
11/23/2020,23:56:09,0.019
11/23/2020,23:56:10,0.017

Instrument Name:,SidePak Aerosol Monitor
Model Number:,AM520
Serial Number:,5201704010
Test Name:,Test 85
Start Date:,11/24/2020
Start Time:,12:55:10
Duration (dd:hh:mm:ss):,00:00:01:00
Log Interval (mm:ss):,00:01
Number of points:,60
Description:,

Statistics Channel: ,Aerosol
,Units:,mg/m³
,Average:,0.027
,Minimum:,0.013
,Time of Minimum:,12:55:14
,Date of Minimum:,11/24/2020
,Maximum:,0.049
,Time of Maximum:,12:56:08
,Date of Maximum:,11/24/2020

,TWA:,N/A

Calibration Sensor: ,Aerosol
,Cal factor:,1
,Cal date:,11/03/2020
,Cal name:,USER1 

Date,Time,Concentration
MM/dd/yyyy,HH:mm:ss,mg/m³
11/24/2020,00:55:11,0.03
11/24/2020,00:55:12,0.035
11/24/2020,00:55:13,0.033
11/24/2020,00:55:14,0.013
11/24/2020,00:55:15,0.019
11/24/2020,00:55:16,0.019
11/24/2020,00:55:17,0.018
11/24/2020,00:55:18,0.017
11/24/2020,00:55:19,0.024
11/24/2020,00:55:20,0.019
11/24/2020,00:55:21,0.024
11/24/2020,00:55:22,0.02
11/24/2020,00:55:23,0.031
11/24/2020,00:55:24,0.027
11/24/2020,00:55:25,0.025
11/24/2020,00:55:26,0.03
11/24/2020,00:55:27,0.048
11/24/2020,00:55:28,0.032
11/24/2020,00:55:29,0.035
11/24/2020,00:55:30,0.035
11/24/2020,00:55:31,0.041
11/24/2020,00:55:32,0.038
11/24/2020,00:55:33,0.034
11/24/2020,00:55:34,0.038
11/24/2020,00:55:35,0.039
11/24/2020,00:55:36,0.033
11/24/2020,00:55:37,0.03
11/24/2020,00:55:38,0.039
11/24/2020,00:55:39,0.033
11/24/2020,00:55:40,0.029
11/24/2020,00:55:41,0.036
11/24/2020,00:55:42,0.03
11/24/2020,00:55:43,0.027
11/24/2020,00:55:44,0.03
11/24/2020,00:55:45,0.024
11/24/2020,00:55:46,0.022
11/24/2020,00:55:47,0.028
11/24/2020,00:55:48,0.023
11/24/2020,00:55:49,0.017
11/24/2020,00:55:50,0.021
11/24/2020,00:55:51,0.025
11/24/2020,00:55:52,0.017
11/24/2020,00:55:53,0.016
11/24/2020,00:55:54,0.033
11/24/2020,00:55:55,0.022
11/24/2020,00:55:56,0.017
11/24/2020,00:55:57,0.019
11/24/2020,00:55:58,0.024
11/24/2020,00:55:59,0.018
11/24/2020,00:56:00,0.023
11/24/2020,00:56:01,0.027
11/24/2020,00:56:02,0.023
11/24/2020,00:56:03,0.02
11/24/2020,00:56:04,0.024
11/24/2020,00:56:05,0.021
11/24/2020,00:56:06,0.045
11/24/2020,00:56:07,0.02
11/24/2020,00:56:08,0.049
11/24/2020,00:56:09,0.028
11/24/2020,00:56:10,0.021

Instrument Name:,SidePak Aerosol Monitor
Model Number:,AM520
Serial Number:,5201704010
Test Name:,Test 86
Start Date:,11/24/2020
Start Time:,01:55:10
Duration (dd:hh:mm:ss):,00:00:01:00
Log Interval (mm:ss):,00:01
Number of points:,60
Description:,

Statistics Channel: ,Aerosol
,Units:,mg/m³
,Average:,0.024
,Minimum:,0.014
,Time of Minimum:,01:55:40
,Date of Minimum:,11/24/2020
,Maximum:,0.041
,Time of Maximum:,01:55:28
,Date of Maximum:,11/24/2020

,TWA:,N/A

Calibration Sensor: ,Aerosol
,Cal factor:,1
,Cal date:,11/03/2020
,Cal name:,USER1 

Date,Time,Concentration
MM/dd/yyyy,HH:mm:ss,mg/m³
11/24/2020,01:55:11,0.033
11/24/2020,01:55:12,0.026
11/24/2020,01:55:13,0.03
11/24/2020,01:55:14,0.02
11/24/2020,01:55:15,0.024
11/24/2020,01:55:16,0.017
11/24/2020,01:55:17,0.019
11/24/2020,01:55:18,0.02
11/24/2020,01:55:19,0.023
11/24/2020,01:55:20,0.023
11/24/2020,01:55:21,0.029
11/24/2020,01:55:22,0.034
11/24/2020,01:55:23,0.037
11/24/2020,01:55:24,0.03
11/24/2020,01:55:25,0.037
11/24/2020,01:55:26,0.034
11/24/2020,01:55:27,0.034
11/24/2020,01:55:28,0.041
11/24/2020,01:55:29,0.031
11/24/2020,01:55:30,0.034
11/24/2020,01:55:31,0.033
11/24/2020,01:55:32,0.026
11/24/2020,01:55:33,0.031
11/24/2020,01:55:34,0.031
11/24/2020,01:55:35,0.025
11/24/2020,01:55:36,0.025
11/24/2020,01:55:37,0.034
11/24/2020,01:55:38,0.025
11/24/2020,01:55:39,0.022
11/24/2020,01:55:40,0.014
11/24/2020,01:55:41,0.021
11/24/2020,01:55:42,0.02
11/24/2020,01:55:43,0.019
11/24/2020,01:55:44,0.021
11/24/2020,01:55:45,0.015
11/24/2020,01:55:46,0.02
11/24/2020,01:55:47,0.015
11/24/2020,01:55:48,0.017
11/24/2020,01:55:49,0.02
11/24/2020,01:55:50,0.024
11/24/2020,01:55:51,0.019
11/24/2020,01:55:52,0.024
11/24/2020,01:55:53,0.019
11/24/2020,01:55:54,0.019
11/24/2020,01:55:55,0.018
11/24/2020,01:55:56,0.015
11/24/2020,01:55:57,0.025
11/24/2020,01:55:58,0.024
11/24/2020,01:55:59,0.023
11/24/2020,01:56:00,0.024
11/24/2020,01:56:01,0.023
11/24/2020,01:56:02,0.02
11/24/2020,01:56:03,0.023
11/24/2020,01:56:04,0.025
11/24/2020,01:56:05,0.018
11/24/2020,01:56:06,0.02
11/24/2020,01:56:07,0.024
11/24/2020,01:56:08,0.015
11/24/2020,01:56:09,0.016
11/24/2020,01:56:10,0.019

Instrument Name:,SidePak Aerosol Monitor
Model Number:,AM520
Serial Number:,5201704010
Test Name:,Test 87
Start Date:,11/24/2020
Start Time:,02:55:10
Duration (dd:hh:mm:ss):,00:00:01:00
Log Interval (mm:ss):,00:01
Number of points:,60
Description:,

Statistics Channel: ,Aerosol
,Units:,mg/m³
,Average:,0.029
,Minimum:,0.015
,Time of Minimum:,02:55:27
,Date of Minimum:,11/24/2020
,Maximum:,0.055
,Time of Maximum:,02:55:48
,Date of Maximum:,11/24/2020

,TWA:,N/A

Calibration Sensor: ,Aerosol
,Cal factor:,1
,Cal date:,11/03/2020
,Cal name:,USER1 

Date,Time,Concentration
MM/dd/yyyy,HH:mm:ss,mg/m³
11/24/2020,02:55:11,0.036
11/24/2020,02:55:12,0.024
11/24/2020,02:55:13,0.028
11/24/2020,02:55:14,0.024
11/24/2020,02:55:15,0.026
11/24/2020,02:55:16,0.047
11/24/2020,02:55:17,0.034
11/24/2020,02:55:18,0.026
11/24/2020,02:55:19,0.032
11/24/2020,02:55:20,0.028
11/24/2020,02:55:21,0.024
11/24/2020,02:55:22,0.021
11/24/2020,02:55:23,0.019
11/24/2020,02:55:24,0.022
11/24/2020,02:55:25,0.021
11/24/2020,02:55:26,0.018
11/24/2020,02:55:27,0.015
11/24/2020,02:55:28,0.017
11/24/2020,02:55:29,0.016
11/24/2020,02:55:30,0.019
11/24/2020,02:55:31,0.026
11/24/2020,02:55:32,0.029
11/24/2020,02:55:33,0.017
11/24/2020,02:55:34,0.023
11/24/2020,02:55:35,0.024
11/24/2020,02:55:36,0.03
11/24/2020,02:55:37,0.036
11/24/2020,02:55:38,0.027
11/24/2020,02:55:39,0.032
11/24/2020,02:55:40,0.035
11/24/2020,02:55:41,0.037
11/24/2020,02:55:42,0.024
11/24/2020,02:55:43,0.028
11/24/2020,02:55:44,0.037
11/24/2020,02:55:45,0.026
11/24/2020,02:55:46,0.029
11/24/2020,02:55:47,0.036
11/24/2020,02:55:48,0.055
11/24/2020,02:55:49,0.039
11/24/2020,02:55:50,0.031
11/24/2020,02:55:51,0.031
11/24/2020,02:55:52,0.035
11/24/2020,02:55:53,0.031
11/24/2020,02:55:54,0.034
11/24/2020,02:55:55,0.032
11/24/2020,02:55:56,0.035
11/24/2020,02:55:57,0.031
11/24/2020,02:55:58,0.03
11/24/2020,02:55:59,0.037
11/24/2020,02:56:00,0.034
11/24/2020,02:56:01,0.029
11/24/2020,02:56:02,0.026
11/24/2020,02:56:03,0.03
11/24/2020,02:56:04,0.036
11/24/2020,02:56:05,0.028
11/24/2020,02:56:06,0.029
11/24/2020,02:56:07,0.031
11/24/2020,02:56:08,0.026
11/24/2020,02:56:09,0.038
11/24/2020,02:56:10,0.02

Instrument Name:,SidePak Aerosol Monitor
Model Number:,AM520
Serial Number:,5201704010
Test Name:,Test 88
Start Date:,11/24/2020
Start Time:,03:55:10
Duration (dd:hh:mm:ss):,00:00:01:00
Log Interval (mm:ss):,00:01
Number of points:,60
Description:,

Statistics Channel: ,Aerosol
,Units:,mg/m³
,Average:,0.031
,Minimum:,0.014
,Time of Minimum:,03:55:38
,Date of Minimum:,11/24/2020
,Maximum:,0.044
,Time of Maximum:,03:55:59
,Date of Maximum:,11/24/2020

,TWA:,N/A

Calibration Sensor: ,Aerosol
,Cal factor:,1
,Cal date:,11/03/2020
,Cal name:,USER1 

Date,Time,Concentration
MM/dd/yyyy,HH:mm:ss,mg/m³
11/24/2020,03:55:11,0.028
11/24/2020,03:55:12,0.034
11/24/2020,03:55:13,0.031
11/24/2020,03:55:14,0.04
11/24/2020,03:55:15,0.036
11/24/2020,03:55:16,0.03
11/24/2020,03:55:17,0.037
11/24/2020,03:55:18,0.035
11/24/2020,03:55:19,0.031
11/24/2020,03:55:20,0.025
11/24/2020,03:55:21,0.033
11/24/2020,03:55:22,0.027
11/24/2020,03:55:23,0.032
11/24/2020,03:55:24,0.029
11/24/2020,03:55:25,0.039
11/24/2020,03:55:26,0.029
11/24/2020,03:55:27,0.025
11/24/2020,03:55:28,0.022
11/24/2020,03:55:29,0.031
11/24/2020,03:55:30,0.035
11/24/2020,03:55:31,0.019
11/24/2020,03:55:32,0.022
11/24/2020,03:55:33,0.019
11/24/2020,03:55:34,0.018
11/24/2020,03:55:35,0.021
11/24/2020,03:55:36,0.023
11/24/2020,03:55:37,0.021
11/24/2020,03:55:38,0.014
11/24/2020,03:55:39,0.018
11/24/2020,03:55:40,0.025
11/24/2020,03:55:41,0.034
11/24/2020,03:55:42,0.031
11/24/2020,03:55:43,0.031
11/24/2020,03:55:44,0.035
11/24/2020,03:55:45,0.027
11/24/2020,03:55:46,0.033
11/24/2020,03:55:47,0.038
11/24/2020,03:55:48,0.034
11/24/2020,03:55:49,0.04
11/24/2020,03:55:50,0.031
11/24/2020,03:55:51,0.031
11/24/2020,03:55:52,0.035
11/24/2020,03:55:53,0.036
11/24/2020,03:55:54,0.035
11/24/2020,03:55:55,0.034
11/24/2020,03:55:56,0.034
11/24/2020,03:55:57,0.04
11/24/2020,03:55:58,0.038
11/24/2020,03:55:59,0.044
11/24/2020,03:56:00,0.032
11/24/2020,03:56:01,0.038
11/24/2020,03:56:02,0.034
11/24/2020,03:56:03,0.037
11/24/2020,03:56:04,0.034
11/24/2020,03:56:05,0.036
11/24/2020,03:56:06,0.039
11/24/2020,03:56:07,0.029
11/24/2020,03:56:08,0.035
11/24/2020,03:56:09,0.034
11/24/2020,03:56:10,0.029

Instrument Name:,SidePak Aerosol Monitor
Model Number:,AM520
Serial Number:,5201704010
Test Name:,Test 89
Start Date:,11/24/2020
Start Time:,04:55:10
Duration (dd:hh:mm:ss):,00:00:01:00
Log Interval (mm:ss):,00:01
Number of points:,60
Description:,

Statistics Channel: ,Aerosol
,Units:,mg/m³
,Average:,0.031
,Minimum:,0.012
,Time of Minimum:,04:55:28
,Date of Minimum:,11/24/2020
,Maximum:,0.056
,Time of Maximum:,04:55:20
,Date of Maximum:,11/24/2020

,TWA:,N/A

Calibration Sensor: ,Aerosol
,Cal factor:,1
,Cal date:,11/03/2020
,Cal name:,USER1 

Date,Time,Concentration
MM/dd/yyyy,HH:mm:ss,mg/m³
11/24/2020,04:55:11,0.038
11/24/2020,04:55:12,0.037
11/24/2020,04:55:13,0.048
11/24/2020,04:55:14,0.043
11/24/2020,04:55:15,0.036
11/24/2020,04:55:16,0.036
11/24/2020,04:55:17,0.04
11/24/2020,04:55:18,0.033
11/24/2020,04:55:19,0.032
11/24/2020,04:55:20,0.056
11/24/2020,04:55:21,0.026
11/24/2020,04:55:22,0.029
11/24/2020,04:55:23,0.028
11/24/2020,04:55:24,0.033
11/24/2020,04:55:25,0.018
11/24/2020,04:55:26,0.021
11/24/2020,04:55:27,0.018
11/24/2020,04:55:28,0.012
11/24/2020,04:55:29,0.027
11/24/2020,04:55:30,0.026
11/24/2020,04:55:31,0.031
11/24/2020,04:55:32,0.028
11/24/2020,04:55:33,0.029
11/24/2020,04:55:34,0.026
11/24/2020,04:55:35,0.029
11/24/2020,04:55:36,0.036
11/24/2020,04:55:37,0.037
11/24/2020,04:55:38,0.028
11/24/2020,04:55:39,0.032
11/24/2020,04:55:40,0.036
11/24/2020,04:55:41,0.043
11/24/2020,04:55:42,0.033
11/24/2020,04:55:43,0.033
11/24/2020,04:55:44,0.029
11/24/2020,04:55:45,0.036
11/24/2020,04:55:46,0.031
11/24/2020,04:55:47,0.019
11/24/2020,04:55:48,0.03
11/24/2020,04:55:49,0.018
11/24/2020,04:55:50,0.016
11/24/2020,04:55:51,0.021
11/24/2020,04:55:52,0.033
11/24/2020,04:55:53,0.021
11/24/2020,04:55:54,0.021
11/24/2020,04:55:55,0.022
11/24/2020,04:55:56,0.021
11/24/2020,04:55:57,0.027
11/24/2020,04:55:58,0.029
11/24/2020,04:55:59,0.034
11/24/2020,04:56:00,0.034
11/24/2020,04:56:01,0.034
11/24/2020,04:56:02,0.034
11/24/2020,04:56:03,0.033
11/24/2020,04:56:04,0.036
11/24/2020,04:56:05,0.045
11/24/2020,04:56:06,0.037
11/24/2020,04:56:07,0.032
11/24/2020,04:56:08,0.027
11/24/2020,04:56:09,0.032
11/24/2020,04:56:10,0.027

Instrument Name:,SidePak Aerosol Monitor
Model Number:,AM520
Serial Number:,5201704010
Test Name:,Test 90
Start Date:,11/24/2020
Start Time:,05:55:11
Duration (dd:hh:mm:ss):,00:00:01:00
Log Interval (mm:ss):,00:01
Number of points:,60
Description:,

Statistics Channel: ,Aerosol
,Units:,mg/m³
,Average:,0.028
,Minimum:,0.012
,Time of Minimum:,05:55:45
,Date of Minimum:,11/24/2020
,Maximum:,0.047
,Time of Maximum:,05:55:31
,Date of Maximum:,11/24/2020

,TWA:,N/A

Calibration Sensor: ,Aerosol
,Cal factor:,1
,Cal date:,11/03/2020
,Cal name:,USER1 

Date,Time,Concentration
MM/dd/yyyy,HH:mm:ss,mg/m³
11/24/2020,05:55:12,0.019
11/24/2020,05:55:13,0.018
11/24/2020,05:55:14,0.02
11/24/2020,05:55:15,0.019
11/24/2020,05:55:16,0.031
11/24/2020,05:55:17,0.028
11/24/2020,05:55:18,0.031
11/24/2020,05:55:19,0.025
11/24/2020,05:55:20,0.044
11/24/2020,05:55:21,0.031
11/24/2020,05:55:22,0.034
11/24/2020,05:55:23,0.036
11/24/2020,05:55:24,0.028
11/24/2020,05:55:25,0.03
11/24/2020,05:55:26,0.037
11/24/2020,05:55:27,0.031
11/24/2020,05:55:28,0.035
11/24/2020,05:55:29,0.035
11/24/2020,05:55:30,0.036
11/24/2020,05:55:31,0.047
11/24/2020,05:55:32,0.04
11/24/2020,05:55:33,0.029
11/24/2020,05:55:34,0.039
11/24/2020,05:55:35,0.033
11/24/2020,05:55:36,0.045
11/24/2020,05:55:37,0.033
11/24/2020,05:55:38,0.024
11/24/2020,05:55:39,0.024
11/24/2020,05:55:40,0.021
11/24/2020,05:55:41,0.018
11/24/2020,05:55:42,0.017
11/24/2020,05:55:43,0.02
11/24/2020,05:55:44,0.015
11/24/2020,05:55:45,0.012
11/24/2020,05:55:46,0.018
11/24/2020,05:55:47,0.016
11/24/2020,05:55:48,0.022
11/24/2020,05:55:49,0.027
11/24/2020,05:55:50,0.025
11/24/2020,05:55:51,0.028
11/24/2020,05:55:52,0.023
11/24/2020,05:55:53,0.024
11/24/2020,05:55:54,0.029
11/24/2020,05:55:55,0.035
11/24/2020,05:55:56,0.03
11/24/2020,05:55:57,0.034
11/24/2020,05:55:58,0.036
11/24/2020,05:55:59,0.033
11/24/2020,05:56:00,0.039
11/24/2020,05:56:01,0.023
11/24/2020,05:56:02,0.029
11/24/2020,05:56:03,0.015
11/24/2020,05:56:04,0.018
11/24/2020,05:56:05,0.015
11/24/2020,05:56:06,0.018
11/24/2020,05:56:07,0.015
11/24/2020,05:56:08,0.031
11/24/2020,05:56:09,0.024
11/24/2020,05:56:10,0.033
11/24/2020,05:56:11,0.034

Instrument Name:,SidePak Aerosol Monitor
Model Number:,AM520
Serial Number:,5201704010
Test Name:,Test 91
Start Date:,11/24/2020
Start Time:,06:55:11
Duration (dd:hh:mm:ss):,00:00:01:00
Log Interval (mm:ss):,00:01
Number of points:,60
Description:,

Statistics Channel: ,Aerosol
,Units:,mg/m³
,Average:,0.025
,Minimum:,0.011
,Time of Minimum:,06:56:04
,Date of Minimum:,11/24/2020
,Maximum:,0.04
,Time of Maximum:,06:55:22
,Date of Maximum:,11/24/2020

,TWA:,N/A

Calibration Sensor: ,Aerosol
,Cal factor:,1
,Cal date:,11/03/2020
,Cal name:,USER1 

Date,Time,Concentration
MM/dd/yyyy,HH:mm:ss,mg/m³
11/24/2020,06:55:12,0.014
11/24/2020,06:55:13,0.015
11/24/2020,06:55:14,0.017
11/24/2020,06:55:15,0.02
11/24/2020,06:55:16,0.023
11/24/2020,06:55:17,0.034
11/24/2020,06:55:18,0.028
11/24/2020,06:55:19,0.029
11/24/2020,06:55:20,0.037
11/24/2020,06:55:21,0.028
11/24/2020,06:55:22,0.04
11/24/2020,06:55:23,0.033
11/24/2020,06:55:24,0.029
11/24/2020,06:55:25,0.022
11/24/2020,06:55:26,0.026
11/24/2020,06:55:27,0.022
11/24/2020,06:55:28,0.017
11/24/2020,06:55:29,0.016
11/24/2020,06:55:30,0.015
11/24/2020,06:55:31,0.011
11/24/2020,06:55:32,0.02
11/24/2020,06:55:33,0.025
11/24/2020,06:55:34,0.025
11/24/2020,06:55:35,0.03
11/24/2020,06:55:36,0.029
11/24/2020,06:55:37,0.036
11/24/2020,06:55:38,0.034
11/24/2020,06:55:39,0.028
11/24/2020,06:55:40,0.039
11/24/2020,06:55:41,0.033
11/24/2020,06:55:42,0.029
11/24/2020,06:55:43,0.02
11/24/2020,06:55:44,0.032
11/24/2020,06:55:45,0.013
11/24/2020,06:55:46,0.014
11/24/2020,06:55:47,0.024
11/24/2020,06:55:48,0.018
11/24/2020,06:55:49,0.022
11/24/2020,06:55:50,0.026
11/24/2020,06:55:51,0.027
11/24/2020,06:55:52,0.032
11/24/2020,06:55:53,0.029
11/24/2020,06:55:54,0.038
11/24/2020,06:55:55,0.034
11/24/2020,06:55:56,0.027
11/24/2020,06:55:57,0.029
11/24/2020,06:55:58,0.026
11/24/2020,06:55:59,0.021
11/24/2020,06:56:00,0.015
11/24/2020,06:56:01,0.02
11/24/2020,06:56:02,0.014
11/24/2020,06:56:03,0.018
11/24/2020,06:56:04,0.011
11/24/2020,06:56:05,0.024
11/24/2020,06:56:06,0.024
11/24/2020,06:56:07,0.018
11/24/2020,06:56:08,0.03
11/24/2020,06:56:09,0.028
11/24/2020,06:56:10,0.037
11/24/2020,06:56:11,0.031

Instrument Name:,SidePak Aerosol Monitor
Model Number:,AM520
Serial Number:,5201704010
Test Name:,Test 92
Start Date:,11/24/2020
Start Time:,07:55:11
Duration (dd:hh:mm:ss):,00:00:01:00
Log Interval (mm:ss):,00:01
Number of points:,60
Description:,

Statistics Channel: ,Aerosol
,Units:,mg/m³
,Average:,0.028
,Minimum:,0.014
,Time of Minimum:,07:56:10
,Date of Minimum:,11/24/2020
,Maximum:,0.038
,Time of Maximum:,07:55:22
,Date of Maximum:,11/24/2020

,TWA:,N/A

Calibration Sensor: ,Aerosol
,Cal factor:,1
,Cal date:,11/03/2020
,Cal name:,USER1 

Date,Time,Concentration
MM/dd/yyyy,HH:mm:ss,mg/m³
11/24/2020,07:55:12,0.022
11/24/2020,07:55:13,0.021
11/24/2020,07:55:14,0.023
11/24/2020,07:55:15,0.024
11/24/2020,07:55:16,0.022
11/24/2020,07:55:17,0.024
11/24/2020,07:55:18,0.028
11/24/2020,07:55:19,0.029
11/24/2020,07:55:20,0.03
11/24/2020,07:55:21,0.031
11/24/2020,07:55:22,0.038
11/24/2020,07:55:23,0.033
11/24/2020,07:55:24,0.034
11/24/2020,07:55:25,0.03
11/24/2020,07:55:26,0.037
11/24/2020,07:55:27,0.03
11/24/2020,07:55:28,0.027
11/24/2020,07:55:29,0.028
11/24/2020,07:55:30,0.027
11/24/2020,07:55:31,0.032
11/24/2020,07:55:32,0.032
11/24/2020,07:55:33,0.031
11/24/2020,07:55:34,0.03
11/24/2020,07:55:35,0.031
11/24/2020,07:55:36,0.022
11/24/2020,07:55:37,0.022
11/24/2020,07:55:38,0.027
11/24/2020,07:55:39,0.031
11/24/2020,07:55:40,0.024
11/24/2020,07:55:41,0.026
11/24/2020,07:55:42,0.033
11/24/2020,07:55:43,0.025
11/24/2020,07:55:44,0.028
11/24/2020,07:55:45,0.022
11/24/2020,07:55:46,0.029
11/24/2020,07:55:47,0.027
11/24/2020,07:55:48,0.03
11/24/2020,07:55:49,0.028
11/24/2020,07:55:50,0.029
11/24/2020,07:55:51,0.036
11/24/2020,07:55:52,0.03
11/24/2020,07:55:53,0.034
11/24/2020,07:55:54,0.029
11/24/2020,07:55:55,0.034
11/24/2020,07:55:56,0.032
11/24/2020,07:55:57,0.028
11/24/2020,07:55:58,0.031
11/24/2020,07:55:59,0.028
11/24/2020,07:56:00,0.031
11/24/2020,07:56:01,0.031
11/24/2020,07:56:02,0.034
11/24/2020,07:56:03,0.022
11/24/2020,07:56:04,0.022
11/24/2020,07:56:05,0.021
11/24/2020,07:56:06,0.019
11/24/2020,07:56:07,0.023
11/24/2020,07:56:08,0.02
11/24/2020,07:56:09,0.018
11/24/2020,07:56:10,0.014
11/24/2020,07:56:11,0.018

Instrument Name:,SidePak Aerosol Monitor
Model Number:,AM520
Serial Number:,5201704010
Test Name:,Test 93
Start Date:,11/24/2020
Start Time:,08:55:11
Duration (dd:hh:mm:ss):,00:00:01:00
Log Interval (mm:ss):,00:01
Number of points:,60
Description:,

Statistics Channel: ,Aerosol
,Units:,mg/m³
,Average:,0.029
,Minimum:,0.013
,Time of Minimum:,08:55:25
,Date of Minimum:,11/24/2020
,Maximum:,0.071
,Time of Maximum:,08:55:35
,Date of Maximum:,11/24/2020

,TWA:,N/A

Calibration Sensor: ,Aerosol
,Cal factor:,1
,Cal date:,11/03/2020
,Cal name:,USER1 

Date,Time,Concentration
MM/dd/yyyy,HH:mm:ss,mg/m³
11/24/2020,08:55:12,0.033
11/24/2020,08:55:13,0.052
11/24/2020,08:55:14,0.036
11/24/2020,08:55:15,0.032
11/24/2020,08:55:16,0.031
11/24/2020,08:55:17,0.034
11/24/2020,08:55:18,0.045
11/24/2020,08:55:19,0.024
11/24/2020,08:55:20,0.032
11/24/2020,08:55:21,0.016
11/24/2020,08:55:22,0.019
11/24/2020,08:55:23,0.02
11/24/2020,08:55:24,0.016
11/24/2020,08:55:25,0.013
11/24/2020,08:55:26,0.018
11/24/2020,08:55:27,0.02
11/24/2020,08:55:28,0.025
11/24/2020,08:55:29,0.029
11/24/2020,08:55:30,0.03
11/24/2020,08:55:31,0.026
11/24/2020,08:55:32,0.026
11/24/2020,08:55:33,0.029
11/24/2020,08:55:34,0.037
11/24/2020,08:55:35,0.071
11/24/2020,08:55:36,0.041
11/24/2020,08:55:37,0.047
11/24/2020,08:55:38,0.032
11/24/2020,08:55:39,0.025
11/24/2020,08:55:40,0.028
11/24/2020,08:55:41,0.021
11/24/2020,08:55:42,0.025
11/24/2020,08:55:43,0.025
11/24/2020,08:55:44,0.022
11/24/2020,08:55:45,0.024
11/24/2020,08:55:46,0.025
11/24/2020,08:55:47,0.019
11/24/2020,08:55:48,0.019
11/24/2020,08:55:49,0.018
11/24/2020,08:55:50,0.019
11/24/2020,08:55:51,0.027
11/24/2020,08:55:52,0.033
11/24/2020,08:55:53,0.023
11/24/2020,08:55:54,0.03
11/24/2020,08:55:55,0.025
11/24/2020,08:55:56,0.03
11/24/2020,08:55:57,0.027
11/24/2020,08:55:58,0.045
11/24/2020,08:55:59,0.031
11/24/2020,08:56:00,0.038
11/24/2020,08:56:01,0.03
11/24/2020,08:56:02,0.052
11/24/2020,08:56:03,0.031
11/24/2020,08:56:04,0.031
11/24/2020,08:56:05,0.027
11/24/2020,08:56:06,0.026
11/24/2020,08:56:07,0.025
11/24/2020,08:56:08,0.024
11/24/2020,08:56:09,0.031
11/24/2020,08:56:10,0.024
11/24/2020,08:56:11,0.019

Instrument Name:,SidePak Aerosol Monitor
Model Number:,AM520
Serial Number:,5201704010
Test Name:,Test 94
Start Date:,11/24/2020
Start Time:,09:55:11
Duration (dd:hh:mm:ss):,00:00:01:00
Log Interval (mm:ss):,00:01
Number of points:,60
Description:,

Statistics Channel: ,Aerosol
,Units:,mg/m³
,Average:,0.034
,Minimum:,0.016
,Time of Minimum:,09:55:19
,Date of Minimum:,11/24/2020
,Maximum:,0.071
,Time of Maximum:,09:56:01
,Date of Maximum:,11/24/2020

,TWA:,N/A

Calibration Sensor: ,Aerosol
,Cal factor:,1
,Cal date:,11/03/2020
,Cal name:,USER1 

Date,Time,Concentration
MM/dd/yyyy,HH:mm:ss,mg/m³
11/24/2020,09:55:12,0.018
11/24/2020,09:55:13,0.026
11/24/2020,09:55:14,0.018
11/24/2020,09:55:15,0.023
11/24/2020,09:55:16,0.02
11/24/2020,09:55:17,0.018
11/24/2020,09:55:18,0.02
11/24/2020,09:55:19,0.016
11/24/2020,09:55:20,0.022
11/24/2020,09:55:21,0.022
11/24/2020,09:55:22,0.022
11/24/2020,09:55:23,0.028
11/24/2020,09:55:24,0.029
11/24/2020,09:55:25,0.034
11/24/2020,09:55:26,0.032
11/24/2020,09:55:27,0.027
11/24/2020,09:55:28,0.06
11/24/2020,09:55:29,0.03
11/24/2020,09:55:30,0.031
11/24/2020,09:55:31,0.049
11/24/2020,09:55:32,0.059
11/24/2020,09:55:33,0.037
11/24/2020,09:55:34,0.032
11/24/2020,09:55:35,0.04
11/24/2020,09:55:36,0.041
11/24/2020,09:55:37,0.041
11/24/2020,09:55:38,0.033
11/24/2020,09:55:39,0.044
11/24/2020,09:55:40,0.036
11/24/2020,09:55:41,0.041
11/24/2020,09:55:42,0.036
11/24/2020,09:55:43,0.04
11/24/2020,09:55:44,0.034
11/24/2020,09:55:45,0.033
11/24/2020,09:55:46,0.044
11/24/2020,09:55:47,0.034
11/24/2020,09:55:48,0.033
11/24/2020,09:55:49,0.036
11/24/2020,09:55:50,0.038
11/24/2020,09:55:51,0.034
11/24/2020,09:55:52,0.032
11/24/2020,09:55:53,0.039
11/24/2020,09:55:54,0.041
11/24/2020,09:55:55,0.042
11/24/2020,09:55:56,0.034
11/24/2020,09:55:57,0.04
11/24/2020,09:55:58,0.032
11/24/2020,09:55:59,0.035
11/24/2020,09:56:00,0.034
11/24/2020,09:56:01,0.071
11/24/2020,09:56:02,0.032
11/24/2020,09:56:03,0.035
11/24/2020,09:56:04,0.032
11/24/2020,09:56:05,0.04
11/24/2020,09:56:06,0.035
11/24/2020,09:56:07,0.035
11/24/2020,09:56:08,0.033
11/24/2020,09:56:09,0.035
11/24/2020,09:56:10,0.042
11/24/2020,09:56:11,0.034

Instrument Name:,SidePak Aerosol Monitor
Model Number:,AM520
Serial Number:,5201704010
Test Name:,Test 95
Start Date:,11/24/2020
Start Time:,10:55:11
Duration (dd:hh:mm:ss):,00:00:01:00
Log Interval (mm:ss):,00:01
Number of points:,60
Description:,

Statistics Channel: ,Aerosol
,Units:,mg/m³
,Average:,0.029
,Minimum:,0.012
,Time of Minimum:,10:55:52
,Date of Minimum:,11/24/2020
,Maximum:,0.043
,Time of Maximum:,10:56:07
,Date of Maximum:,11/24/2020

,TWA:,N/A

Calibration Sensor: ,Aerosol
,Cal factor:,1
,Cal date:,11/03/2020
,Cal name:,USER1 

Date,Time,Concentration
MM/dd/yyyy,HH:mm:ss,mg/m³
11/24/2020,10:55:12,0.029
11/24/2020,10:55:13,0.024
11/24/2020,10:55:14,0.029
11/24/2020,10:55:15,0.035
11/24/2020,10:55:16,0.021
11/24/2020,10:55:17,0.027
11/24/2020,10:55:18,0.034
11/24/2020,10:55:19,0.021
11/24/2020,10:55:20,0.03
11/24/2020,10:55:21,0.029
11/24/2020,10:55:22,0.025
11/24/2020,10:55:23,0.023
11/24/2020,10:55:24,0.019
11/24/2020,10:55:25,0.021
11/24/2020,10:55:26,0.025
11/24/2020,10:55:27,0.024
11/24/2020,10:55:28,0.024
11/24/2020,10:55:29,0.018
11/24/2020,10:55:30,0.024
11/24/2020,10:55:31,0.034
11/24/2020,10:55:32,0.028
11/24/2020,10:55:33,0.037
11/24/2020,10:55:34,0.037
11/24/2020,10:55:35,0.031
11/24/2020,10:55:36,0.031
11/24/2020,10:55:37,0.042
11/24/2020,10:55:38,0.035
11/24/2020,10:55:39,0.039
11/24/2020,10:55:40,0.042
11/24/2020,10:55:41,0.039
11/24/2020,10:55:42,0.031
11/24/2020,10:55:43,0.029
11/24/2020,10:55:44,0.029
11/24/2020,10:55:45,0.024
11/24/2020,10:55:46,0.025
11/24/2020,10:55:47,0.021
11/24/2020,10:55:48,0.043
11/24/2020,10:55:49,0.015
11/24/2020,10:55:50,0.019
11/24/2020,10:55:51,0.024
11/24/2020,10:55:52,0.012
11/24/2020,10:55:53,0.019
11/24/2020,10:55:54,0.027
11/24/2020,10:55:55,0.02
11/24/2020,10:55:56,0.019
11/24/2020,10:55:57,0.033
11/24/2020,10:55:58,0.023
11/24/2020,10:55:59,0.027
11/24/2020,10:56:00,0.031
11/24/2020,10:56:01,0.03
11/24/2020,10:56:02,0.033
11/24/2020,10:56:03,0.036
11/24/2020,10:56:04,0.033
11/24/2020,10:56:05,0.031
11/24/2020,10:56:06,0.038
11/24/2020,10:56:07,0.043
11/24/2020,10:56:08,0.035
11/24/2020,10:56:09,0.031
11/24/2020,10:56:10,0.04
11/24/2020,10:56:11,0.029

Instrument Name:,SidePak Aerosol Monitor
Model Number:,AM520
Serial Number:,5201704010
Test Name:,Test 96
Start Date:,11/24/2020
Start Time:,11:55:11
Duration (dd:hh:mm:ss):,00:00:01:00
Log Interval (mm:ss):,00:01
Number of points:,60
Description:,

Statistics Channel: ,Aerosol
,Units:,mg/m³
,Average:,0.029
,Minimum:,0.013
,Time of Minimum:,11:55:22
,Date of Minimum:,11/24/2020
,Maximum:,0.05
,Time of Maximum:,11:55:15
,Date of Maximum:,11/24/2020

,TWA:,N/A

Calibration Sensor: ,Aerosol
,Cal factor:,1
,Cal date:,11/03/2020
,Cal name:,USER1 

Date,Time,Concentration
MM/dd/yyyy,HH:mm:ss,mg/m³
11/24/2020,11:55:12,0.035
11/24/2020,11:55:13,0.033
11/24/2020,11:55:14,0.047
11/24/2020,11:55:15,0.05
11/24/2020,11:55:16,0.032
11/24/2020,11:55:17,0.029
11/24/2020,11:55:18,0.031
11/24/2020,11:55:19,0.022
11/24/2020,11:55:20,0.016
11/24/2020,11:55:21,0.025
11/24/2020,11:55:22,0.013
11/24/2020,11:55:23,0.014
11/24/2020,11:55:24,0.019
11/24/2020,11:55:25,0.034
11/24/2020,11:55:26,0.014
11/24/2020,11:55:27,0.02
11/24/2020,11:55:28,0.047
11/24/2020,11:55:29,0.022
11/24/2020,11:55:30,0.026
11/24/2020,11:55:31,0.044
11/24/2020,11:55:32,0.025
11/24/2020,11:55:33,0.028
11/24/2020,11:55:34,0.034
11/24/2020,11:55:35,0.029
11/24/2020,11:55:36,0.034
11/24/2020,11:55:37,0.037
11/24/2020,11:55:38,0.033
11/24/2020,11:55:39,0.036
11/24/2020,11:55:40,0.042
11/24/2020,11:55:41,0.033
11/24/2020,11:55:42,0.033
11/24/2020,11:55:43,0.036
11/24/2020,11:55:44,0.034
11/24/2020,11:55:45,0.027
11/24/2020,11:55:46,0.035
11/24/2020,11:55:47,0.018
11/24/2020,11:55:48,0.015
11/24/2020,11:55:49,0.019
11/24/2020,11:55:50,0.015
11/24/2020,11:55:51,0.019
11/24/2020,11:55:52,0.017
11/24/2020,11:55:53,0.017
11/24/2020,11:55:54,0.023
11/24/2020,11:55:55,0.019
11/24/2020,11:55:56,0.02
11/24/2020,11:55:57,0.025
11/24/2020,11:55:58,0.026
11/24/2020,11:55:59,0.042
11/24/2020,11:56:00,0.026
11/24/2020,11:56:01,0.038
11/24/2020,11:56:02,0.033
11/24/2020,11:56:03,0.032
11/24/2020,11:56:04,0.037
11/24/2020,11:56:05,0.044
11/24/2020,11:56:06,0.034
11/24/2020,11:56:07,0.032
11/24/2020,11:56:08,0.043
11/24/2020,11:56:09,0.028
11/24/2020,11:56:10,0.032
11/24/2020,11:56:11,0.028

Instrument Name:,SidePak Aerosol Monitor
Model Number:,AM520
Serial Number:,5201704010
Test Name:,Test 97
Start Date:,11/24/2020
Start Time:,12:55:12
Duration (dd:hh:mm:ss):,00:00:01:00
Log Interval (mm:ss):,00:01
Number of points:,60
Description:,

Statistics Channel: ,Aerosol
,Units:,mg/m³
,Average:,0.037
,Minimum:,0.017
,Time of Minimum:,12:55:25
,Date of Minimum:,11/24/2020
,Maximum:,0.167
,Time of Maximum:,12:55:16
,Date of Maximum:,11/24/2020

,TWA:,N/A

Calibration Sensor: ,Aerosol
,Cal factor:,1
,Cal date:,11/03/2020
,Cal name:,USER1 

Date,Time,Concentration
MM/dd/yyyy,HH:mm:ss,mg/m³
11/24/2020,12:55:13,0.036
11/24/2020,12:55:14,0.031
11/24/2020,12:55:15,0.026
11/24/2020,12:55:16,0.167
11/24/2020,12:55:17,0.026
11/24/2020,12:55:18,0.022
11/24/2020,12:55:19,0.024
11/24/2020,12:55:20,0.038
11/24/2020,12:55:21,0.036
11/24/2020,12:55:22,0.02
11/24/2020,12:55:23,0.025
11/24/2020,12:55:24,0.028
11/24/2020,12:55:25,0.017
11/24/2020,12:55:26,0.023
11/24/2020,12:55:27,0.043
11/24/2020,12:55:28,0.03
11/24/2020,12:55:29,0.019
11/24/2020,12:55:30,0.031
11/24/2020,12:55:31,0.031
11/24/2020,12:55:32,0.027
11/24/2020,12:55:33,0.031
11/24/2020,12:55:34,0.034
11/24/2020,12:55:35,0.032
11/24/2020,12:55:36,0.035
11/24/2020,12:55:37,0.032
11/24/2020,12:55:38,0.04
11/24/2020,12:55:39,0.032
11/24/2020,12:55:40,0.046
11/24/2020,12:55:41,0.035
11/24/2020,12:55:42,0.035
11/24/2020,12:55:43,0.042
11/24/2020,12:55:44,0.036
11/24/2020,12:55:45,0.036
11/24/2020,12:55:46,0.039
11/24/2020,12:55:47,0.05
11/24/2020,12:55:48,0.038
11/24/2020,12:55:49,0.042
11/24/2020,12:55:50,0.039
11/24/2020,12:55:51,0.057
11/24/2020,12:55:52,0.039
11/24/2020,12:55:53,0.034
11/24/2020,12:55:54,0.042
11/24/2020,12:55:55,0.037
11/24/2020,12:55:56,0.035
11/24/2020,12:55:57,0.035
11/24/2020,12:55:58,0.035
11/24/2020,12:55:59,0.034
11/24/2020,12:56:00,0.046
11/24/2020,12:56:01,0.033
11/24/2020,12:56:02,0.048
11/24/2020,12:56:03,0.031
11/24/2020,12:56:04,0.037
11/24/2020,12:56:05,0.043
11/24/2020,12:56:06,0.051
11/24/2020,12:56:07,0.037
11/24/2020,12:56:08,0.045
11/24/2020,12:56:09,0.045
11/24/2020,12:56:10,0.035
11/24/2020,12:56:11,0.038
11/24/2020,12:56:12,0.036

Instrument Name:,SidePak Aerosol Monitor
Model Number:,AM520
Serial Number:,5201704010
Test Name:,Test 98
Start Date:,11/24/2020
Start Time:,01:55:12
Duration (dd:hh:mm:ss):,00:00:01:00
Log Interval (mm:ss):,00:01
Number of points:,60
Description:,

Statistics Channel: ,Aerosol
,Units:,mg/m³
,Average:,0.031
,Minimum:,0.015
,Time of Minimum:,01:56:10
,Date of Minimum:,11/24/2020
,Maximum:,0.05
,Time of Maximum:,01:55:23
,Date of Maximum:,11/24/2020

,TWA:,N/A

Calibration Sensor: ,Aerosol
,Cal factor:,1
,Cal date:,11/03/2020
,Cal name:,USER1 

Date,Time,Concentration
MM/dd/yyyy,HH:mm:ss,mg/m³
11/24/2020,13:55:13,0.043
11/24/2020,13:55:14,0.034
11/24/2020,13:55:15,0.037
11/24/2020,13:55:16,0.034
11/24/2020,13:55:17,0.036
11/24/2020,13:55:18,0.039
11/24/2020,13:55:19,0.05
11/24/2020,13:55:20,0.039
11/24/2020,13:55:21,0.035
11/24/2020,13:55:22,0.034
11/24/2020,13:55:23,0.05
11/24/2020,13:55:24,0.047
11/24/2020,13:55:25,0.03
11/24/2020,13:55:26,0.025
11/24/2020,13:55:27,0.035
11/24/2020,13:55:28,0.038
11/24/2020,13:55:29,0.02
11/24/2020,13:55:30,0.023
11/24/2020,13:55:31,0.024
11/24/2020,13:55:32,0.023
11/24/2020,13:55:33,0.038
11/24/2020,13:55:34,0.028
11/24/2020,13:55:35,0.04
11/24/2020,13:55:36,0.034
11/24/2020,13:55:37,0.035
11/24/2020,13:55:38,0.039
11/24/2020,13:55:39,0.042
11/24/2020,13:55:40,0.028
11/24/2020,13:55:41,0.037
11/24/2020,13:55:42,0.033
11/24/2020,13:55:43,0.027
11/24/2020,13:55:44,0.02
11/24/2020,13:55:45,0.023
11/24/2020,13:55:46,0.015
11/24/2020,13:55:47,0.018
11/24/2020,13:55:48,0.025
11/24/2020,13:55:49,0.025
11/24/2020,13:55:50,0.039
11/24/2020,13:55:51,0.034
11/24/2020,13:55:52,0.032
11/24/2020,13:55:53,0.035
11/24/2020,13:55:54,0.039
11/24/2020,13:55:55,0.035
11/24/2020,13:55:56,0.034
11/24/2020,13:55:57,0.033
11/24/2020,13:55:58,0.035
11/24/2020,13:55:59,0.034
11/24/2020,13:56:00,0.034
11/24/2020,13:56:01,0.028
11/24/2020,13:56:02,0.024
11/24/2020,13:56:03,0.028
11/24/2020,13:56:04,0.025
11/24/2020,13:56:05,0.021
11/24/2020,13:56:06,0.022
11/24/2020,13:56:07,0.024
11/24/2020,13:56:08,0.02
11/24/2020,13:56:09,0.028
11/24/2020,13:56:10,0.015
11/24/2020,13:56:11,0.02
11/24/2020,13:56:12,0.019

Instrument Name:,SidePak Aerosol Monitor
Model Number:,AM520
Serial Number:,5201704010
Test Name:,Test 99
Start Date:,11/24/2020
Start Time:,02:55:12
Duration (dd:hh:mm:ss):,00:00:01:00
Log Interval (mm:ss):,00:01
Number of points:,60
Description:,

Statistics Channel: ,Aerosol
,Units:,mg/m³
,Average:,0.026
,Minimum:,0.013
,Time of Minimum:,02:55:26
,Date of Minimum:,11/24/2020
,Maximum:,0.046
,Time of Maximum:,02:55:52
,Date of Maximum:,11/24/2020

,TWA:,N/A

Calibration Sensor: ,Aerosol
,Cal factor:,1
,Cal date:,11/03/2020
,Cal name:,USER1 

Date,Time,Concentration
MM/dd/yyyy,HH:mm:ss,mg/m³
11/24/2020,14:55:13,0.032
11/24/2020,14:55:14,0.027
11/24/2020,14:55:15,0.025
11/24/2020,14:55:16,0.021
11/24/2020,14:55:17,0.021
11/24/2020,14:55:18,0.02
11/24/2020,14:55:19,0.027
11/24/2020,14:55:20,0.023
11/24/2020,14:55:21,0.016
11/24/2020,14:55:22,0.021
11/24/2020,14:55:23,0.015
11/24/2020,14:55:24,0.014
11/24/2020,14:55:25,0.015
11/24/2020,14:55:26,0.013
11/24/2020,14:55:27,0.031
11/24/2020,14:55:28,0.037
11/24/2020,14:55:29,0.034
11/24/2020,14:55:30,0.021
11/24/2020,14:55:31,0.021
11/24/2020,14:55:32,0.026
11/24/2020,14:55:33,0.021
11/24/2020,14:55:34,0.025
11/24/2020,14:55:35,0.028
11/24/2020,14:55:36,0.033
11/24/2020,14:55:37,0.026
11/24/2020,14:55:38,0.034
11/24/2020,14:55:39,0.032
11/24/2020,14:55:40,0.034
11/24/2020,14:55:41,0.027
11/24/2020,14:55:42,0.033
11/24/2020,14:55:43,0.037
11/24/2020,14:55:44,0.037
11/24/2020,14:55:45,0.036
11/24/2020,14:55:46,0.032
11/24/2020,14:55:47,0.037
11/24/2020,14:55:48,0.033
11/24/2020,14:55:49,0.04
11/24/2020,14:55:50,0.041
11/24/2020,14:55:51,0.03
11/24/2020,14:55:52,0.046
11/24/2020,14:55:53,0.026
11/24/2020,14:55:54,0.028
11/24/2020,14:55:55,0.032
11/24/2020,14:55:56,0.027
11/24/2020,14:55:57,0.018
11/24/2020,14:55:58,0.024
11/24/2020,14:55:59,0.019
11/24/2020,14:56:00,0.017
11/24/2020,14:56:01,0.015
11/24/2020,14:56:02,0.02
11/24/2020,14:56:03,0.014
11/24/2020,14:56:04,0.025
11/24/2020,14:56:05,0.015
11/24/2020,14:56:06,0.017
11/24/2020,14:56:07,0.017
11/24/2020,14:56:08,0.024
11/24/2020,14:56:09,0.024
11/24/2020,14:56:10,0.025
11/24/2020,14:56:11,0.031
11/24/2020,14:56:12,0.026

Instrument Name:,SidePak Aerosol Monitor
Model Number:,AM520
Serial Number:,5201704010
Test Name:,Test 100
Start Date:,11/24/2020
Start Time:,03:55:12
Duration (dd:hh:mm:ss):,00:00:01:00
Log Interval (mm:ss):,00:01
Number of points:,60
Description:,

Statistics Channel: ,Aerosol
,Units:,mg/m³
,Average:,0.031
,Minimum:,0.014
,Time of Minimum:,03:55:45
,Date of Minimum:,11/24/2020
,Maximum:,0.044
,Time of Maximum:,03:56:00
,Date of Maximum:,11/24/2020

,TWA:,N/A

Calibration Sensor: ,Aerosol
,Cal factor:,1
,Cal date:,11/03/2020
,Cal name:,USER1 

Date,Time,Concentration
MM/dd/yyyy,HH:mm:ss,mg/m³
11/24/2020,15:55:13,0.044
11/24/2020,15:55:14,0.036
11/24/2020,15:55:15,0.038
11/24/2020,15:55:16,0.033
11/24/2020,15:55:17,0.035
11/24/2020,15:55:18,0.033
11/24/2020,15:55:19,0.037
11/24/2020,15:55:20,0.035
11/24/2020,15:55:21,0.035
11/24/2020,15:55:22,0.035
11/24/2020,15:55:23,0.035
11/24/2020,15:55:24,0.034
11/24/2020,15:55:25,0.044
11/24/2020,15:55:26,0.033
11/24/2020,15:55:27,0.031
11/24/2020,15:55:28,0.033
11/24/2020,15:55:29,0.029
11/24/2020,15:55:30,0.032
11/24/2020,15:55:31,0.031
11/24/2020,15:55:32,0.03
11/24/2020,15:55:33,0.027
11/24/2020,15:55:34,0.032
11/24/2020,15:55:35,0.031
11/24/2020,15:55:36,0.031
11/24/2020,15:55:37,0.029
11/24/2020,15:55:38,0.022
11/24/2020,15:55:39,0.031
11/24/2020,15:55:40,0.024
11/24/2020,15:55:41,0.023
11/24/2020,15:55:42,0.02
11/24/2020,15:55:43,0.022
11/24/2020,15:55:44,0.015
11/24/2020,15:55:45,0.014
11/24/2020,15:55:46,0.018
11/24/2020,15:55:47,0.018
11/24/2020,15:55:48,0.024
11/24/2020,15:55:49,0.044
11/24/2020,15:55:50,0.019
11/24/2020,15:55:51,0.016
11/24/2020,15:55:52,0.022
11/24/2020,15:55:53,0.021
11/24/2020,15:55:54,0.039
11/24/2020,15:55:55,0.023
11/24/2020,15:55:56,0.033
11/24/2020,15:55:57,0.035
11/24/2020,15:55:58,0.023
11/24/2020,15:55:59,0.035
11/24/2020,15:56:00,0.044
11/24/2020,15:56:01,0.032
11/24/2020,15:56:02,0.029
11/24/2020,15:56:03,0.031
11/24/2020,15:56:04,0.043
11/24/2020,15:56:05,0.038
11/24/2020,15:56:06,0.04
11/24/2020,15:56:07,0.037
11/24/2020,15:56:08,0.042
11/24/2020,15:56:09,0.03
11/24/2020,15:56:10,0.034
11/24/2020,15:56:11,0.032
11/24/2020,15:56:12,0.034

